# number of matrix elements
alot
n1 s1 n2 s2 n3 s3 n4 s4 Vbar
0 -1 0 -1 0 -1 0 -1 0
0 -1 0 -1 0 -1 0 1 0
0 -1 0 -1 0 -1 1 -1 0
0 -1 0 -1 0 -1 1 1 0
0 -1 0 -1 0 -1 2 -1 0
0 -1 0 -1 0 -1 2 1 0
0 -1 0 -1 0 1 0 -1 0
0 -1 0 -1 0 1 0 1 0
0 -1 0 -1 0 1 1 -1 0
0 -1 0 -1 0 1 1 1 0
0 -1 0 -1 0 1 2 -1 0
0 -1 0 -1 0 1 2 1 0
0 -1 0 -1 1 -1 0 -1 0
0 -1 0 -1 1 -1 0 1 0
0 -1 0 -1 1 -1 1 -1 0
0 -1 0 -1 1 -1 1 1 0
0 -1 0 -1 1 -1 2 -1 0
0 -1 0 -1 1 -1 2 1 0
0 -1 0 -1 1 1 0 -1 0
0 -1 0 -1 1 1 0 1 0
0 -1 0 -1 1 1 1 -1 0
0 -1 0 -1 1 1 1 1 0
0 -1 0 -1 1 1 2 -1 0
0 -1 0 -1 1 1 2 1 0
0 -1 0 -1 2 -1 0 -1 0
0 -1 0 -1 2 -1 0 1 0
0 -1 0 -1 2 -1 1 -1 0
0 -1 0 -1 2 -1 1 1 0
0 -1 0 -1 2 -1 2 -1 0
0 -1 0 -1 2 -1 2 1 0
0 -1 0 -1 2 1 0 -1 0
0 -1 0 -1 2 1 0 1 0
0 -1 0 -1 2 1 1 -1 0
0 -1 0 -1 2 1 1 1 0
0 -1 0 -1 2 1 2 -1 0
0 -1 0 -1 2 1 2 1 0
0 -1 0 1 0 -1 0 -1 0
0 -1 0 1 0 -1 0 1 12.6886
0 -1 0 1 0 -1 1 -1 0
0 -1 0 1 0 -1 1 1 6.49961
0 -1 0 1 0 -1 2 -1 0
0 -1 0 1 0 -1 2 1 3.05556
0 -1 0 1 0 1 0 -1 -12.6886
0 -1 0 1 0 1 0 1 0
0 -1 0 1 0 1 1 -1 -6.49961
0 -1 0 1 0 1 1 1 0
0 -1 0 1 0 1 2 -1 -3.05556
0 -1 0 1 0 1 2 1 0
0 -1 0 1 1 -1 0 -1 0
0 -1 0 1 1 -1 0 1 6.49961
0 -1 0 1 1 -1 1 -1 0
0 -1 0 1 1 -1 1 1 5.57867
0 -1 0 1 1 -1 2 -1 0
0 -1 0 1 1 -1 2 1 3.6921
0 -1 0 1 1 1 0 -1 -6.49961
0 -1 0 1 1 1 0 1 0
0 -1 0 1 1 1 1 -1 -5.57867
0 -1 0 1 1 1 1 1 0
0 -1 0 1 1 1 2 -1 -3.6921
0 -1 0 1 1 1 2 1 0
0 -1 0 1 2 -1 0 -1 0
0 -1 0 1 2 -1 0 1 3.05556
0 -1 0 1 2 -1 1 -1 0
0 -1 0 1 2 -1 1 1 3.6921
0 -1 0 1 2 -1 2 -1 0
0 -1 0 1 2 -1 2 1 3.15965
0 -1 0 1 2 1 0 -1 -3.05556
0 -1 0 1 2 1 0 1 0
0 -1 0 1 2 1 1 -1 -3.6921
0 -1 0 1 2 1 1 1 0
0 -1 0 1 2 1 2 -1 -3.15965
0 -1 0 1 2 1 2 1 0
0 -1 1 -1 0 -1 0 -1 0
0 -1 1 -1 0 -1 0 1 0
0 -1 1 -1 0 -1 1 -1 0
0 -1 1 -1 0 -1 1 1 0
0 -1 1 -1 0 -1 2 -1 0
0 -1 1 -1 0 -1 2 1 0
0 -1 1 -1 0 1 0 -1 0
0 -1 1 -1 0 1 0 1 0
0 -1 1 -1 0 1 1 -1 0
0 -1 1 -1 0 1 1 1 0
0 -1 1 -1 0 1 2 -1 0
0 -1 1 -1 0 1 2 1 0
0 -1 1 -1 1 -1 0 -1 0
0 -1 1 -1 1 -1 0 1 0
0 -1 1 -1 1 -1 1 -1 0
0 -1 1 -1 1 -1 1 1 0
0 -1 1 -1 1 -1 2 -1 0
0 -1 1 -1 1 -1 2 1 0
0 -1 1 -1 1 1 0 -1 0
0 -1 1 -1 1 1 0 1 0
0 -1 1 -1 1 1 1 -1 0
0 -1 1 -1 1 1 1 1 0
0 -1 1 -1 1 1 2 -1 0
0 -1 1 -1 1 1 2 1 0
0 -1 1 -1 2 -1 0 -1 0
0 -1 1 -1 2 -1 0 1 0
0 -1 1 -1 2 -1 1 -1 0
0 -1 1 -1 2 -1 1 1 0
0 -1 1 -1 2 -1 2 -1 0
0 -1 1 -1 2 -1 2 1 0
0 -1 1 -1 2 1 0 -1 0
0 -1 1 -1 2 1 0 1 0
0 -1 1 -1 2 1 1 -1 0
0 -1 1 -1 2 1 1 1 0
0 -1 1 -1 2 1 2 -1 0
0 -1 1 -1 2 1 2 1 0
0 -1 1 1 0 -1 0 -1 0
0 -1 1 1 0 -1 0 1 6.49961
0 -1 1 1 0 -1 1 -1 0
0 -1 1 1 0 -1 1 1 6.61607
0 -1 1 1 0 -1 2 -1 0
0 -1 1 1 0 -1 2 1 4.63569
0 -1 1 1 0 1 0 -1 -6.49961
0 -1 1 1 0 1 0 1 0
0 -1 1 1 0 1 1 -1 -6.61607
0 -1 1 1 0 1 1 1 0
0 -1 1 1 0 1 2 -1 -4.63569
0 -1 1 1 0 1 2 1 0
0 -1 1 1 1 -1 0 -1 0
0 -1 1 1 1 -1 0 1 6.61607
0 -1 1 1 1 -1 1 -1 0
0 -1 1 1 1 -1 1 1 4.13051
0 -1 1 1 1 -1 2 -1 0
0 -1 1 1 1 -1 2 1 3.34531
0 -1 1 1 1 1 0 -1 -6.61607
0 -1 1 1 1 1 0 1 0
0 -1 1 1 1 1 1 -1 -4.13051
0 -1 1 1 1 1 1 1 0
0 -1 1 1 1 1 2 -1 -3.34531
0 -1 1 1 1 1 2 1 0
0 -1 1 1 2 -1 0 -1 0
0 -1 1 1 2 -1 0 1 4.63569
0 -1 1 1 2 -1 1 -1 0
0 -1 1 1 2 -1 1 1 3.34531
0 -1 1 1 2 -1 2 -1 0
0 -1 1 1 2 -1 2 1 2.49034
0 -1 1 1 2 1 0 -1 -4.63569
0 -1 1 1 2 1 0 1 0
0 -1 1 1 2 1 1 -1 -3.34531
0 -1 1 1 2 1 1 1 0
0 -1 1 1 2 1 2 -1 -2.49034
0 -1 1 1 2 1 2 1 0
0 -1 2 -1 0 -1 0 -1 0
0 -1 2 -1 0 -1 0 1 0
0 -1 2 -1 0 -1 1 -1 0
0 -1 2 -1 0 -1 1 1 0
0 -1 2 -1 0 -1 2 -1 0
0 -1 2 -1 0 -1 2 1 0
0 -1 2 -1 0 1 0 -1 0
0 -1 2 -1 0 1 0 1 0
0 -1 2 -1 0 1 1 -1 0
0 -1 2 -1 0 1 1 1 0
0 -1 2 -1 0 1 2 -1 0
0 -1 2 -1 0 1 2 1 0
0 -1 2 -1 1 -1 0 -1 0
0 -1 2 -1 1 -1 0 1 0
0 -1 2 -1 1 -1 1 -1 0
0 -1 2 -1 1 -1 1 1 0
0 -1 2 -1 1 -1 2 -1 0
0 -1 2 -1 1 -1 2 1 0
0 -1 2 -1 1 1 0 -1 0
0 -1 2 -1 1 1 0 1 0
0 -1 2 -1 1 1 1 -1 0
0 -1 2 -1 1 1 1 1 0
0 -1 2 -1 1 1 2 -1 0
0 -1 2 -1 1 1 2 1 0
0 -1 2 -1 2 -1 0 -1 0
0 -1 2 -1 2 -1 0 1 0
0 -1 2 -1 2 -1 1 -1 0
0 -1 2 -1 2 -1 1 1 0
0 -1 2 -1 2 -1 2 -1 0
0 -1 2 -1 2 -1 2 1 0
0 -1 2 -1 2 1 0 -1 0
0 -1 2 -1 2 1 0 1 0
0 -1 2 -1 2 1 1 -1 0
0 -1 2 -1 2 1 1 1 0
0 -1 2 -1 2 1 2 -1 0
0 -1 2 -1 2 1 2 1 0
0 -1 2 1 0 -1 0 -1 0
0 -1 2 1 0 -1 0 1 3.05556
0 -1 2 1 0 -1 1 -1 0
0 -1 2 1 0 -1 1 1 4.63569
0 -1 2 1 0 -1 2 -1 0
0 -1 2 1 0 -1 2 1 4.55857
0 -1 2 1 0 1 0 -1 -3.05556
0 -1 2 1 0 1 0 1 0
0 -1 2 1 0 1 1 -1 -4.63569
0 -1 2 1 0 1 1 1 0
0 -1 2 1 0 1 2 -1 -4.55857
0 -1 2 1 0 1 2 1 0
0 -1 2 1 1 -1 0 -1 0
0 -1 2 1 1 -1 0 1 4.63569
0 -1 2 1 1 -1 1 -1 0
0 -1 2 1 1 -1 1 1 3.89555
0 -1 2 1 1 -1 2 -1 0
0 -1 2 1 1 -1 2 1 2.92994
0 -1 2 1 1 1 0 -1 -4.63569
0 -1 2 1 1 1 0 1 0
0 -1 2 1 1 1 1 -1 -3.89555
0 -1 2 1 1 1 1 1 0
0 -1 2 1 1 1 2 -1 -2.92994
0 -1 2 1 1 1 2 1 0
0 -1 2 1 2 -1 0 -1 0
0 -1 2 1 2 -1 0 1 4.55857
0 -1 2 1 2 -1 1 -1 0
0 -1 2 1 2 -1 1 1 2.92994
0 -1 2 1 2 -1 2 -1 0
0 -1 2 1 2 -1 2 1 2.25633
0 -1 2 1 2 1 0 -1 -4.55857
0 -1 2 1 2 1 0 1 0
0 -1 2 1 2 1 1 -1 -2.92994
0 -1 2 1 2 1 1 1 0
0 -1 2 1 2 1 2 -1 -2.25633
0 -1 2 1 2 1 2 1 0
0 1 0 -1 0 -1 0 -1 0
0 1 0 -1 0 -1 0 1 -12.6886
0 1 0 -1 0 -1 1 -1 0
0 1 0 -1 0 -1 1 1 -6.49961
0 1 0 -1 0 -1 2 -1 0
0 1 0 -1 0 -1 2 1 -3.05556
0 1 0 -1 0 1 0 -1 12.6886
0 1 0 -1 0 1 0 1 0
0 1 0 -1 0 1 1 -1 6.49961
0 1 0 -1 0 1 1 1 0
0 1 0 -1 0 1 2 -1 3.05556
0 1 0 -1 0 1 2 1 0
0 1 0 -1 1 -1 0 -1 0
0 1 0 -1 1 -1 0 1 -6.49961
0 1 0 -1 1 -1 1 -1 0
0 1 0 -1 1 -1 1 1 -5.57867
0 1 0 -1 1 -1 2 -1 0
0 1 0 -1 1 -1 2 1 -3.6921
0 1 0 -1 1 1 0 -1 6.49961
0 1 0 -1 1 1 0 1 0
0 1 0 -1 1 1 1 -1 5.57867
0 1 0 -1 1 1 1 1 0
0 1 0 -1 1 1 2 -1 3.6921
0 1 0 -1 1 1 2 1 0
0 1 0 -1 2 -1 0 -1 0
0 1 0 -1 2 -1 0 1 -3.05556
0 1 0 -1 2 -1 1 -1 0
0 1 0 -1 2 -1 1 1 -3.6921
0 1 0 -1 2 -1 2 -1 0
0 1 0 -1 2 -1 2 1 -3.15965
0 1 0 -1 2 1 0 -1 3.05556
0 1 0 -1 2 1 0 1 0
0 1 0 -1 2 1 1 -1 3.6921
0 1 0 -1 2 1 1 1 0
0 1 0 -1 2 1 2 -1 3.15965
0 1 0 -1 2 1 2 1 0
0 1 0 1 0 -1 0 -1 0
0 1 0 1 0 -1 0 1 0
0 1 0 1 0 -1 1 -1 0
0 1 0 1 0 -1 1 1 0
0 1 0 1 0 -1 2 -1 0
0 1 0 1 0 -1 2 1 0
0 1 0 1 0 1 0 -1 0
0 1 0 1 0 1 0 1 0
0 1 0 1 0 1 1 -1 0
0 1 0 1 0 1 1 1 0
0 1 0 1 0 1 2 -1 0
0 1 0 1 0 1 2 1 0
0 1 0 1 1 -1 0 -1 0
0 1 0 1 1 -1 0 1 0
0 1 0 1 1 -1 1 -1 0
0 1 0 1 1 -1 1 1 0
0 1 0 1 1 -1 2 -1 0
0 1 0 1 1 -1 2 1 0
0 1 0 1 1 1 0 -1 0
0 1 0 1 1 1 0 1 0
0 1 0 1 1 1 1 -1 0
0 1 0 1 1 1 1 1 0
0 1 0 1 1 1 2 -1 0
0 1 0 1 1 1 2 1 0
0 1 0 1 2 -1 0 -1 0
0 1 0 1 2 -1 0 1 0
0 1 0 1 2 -1 1 -1 0
0 1 0 1 2 -1 1 1 0
0 1 0 1 2 -1 2 -1 0
0 1 0 1 2 -1 2 1 0
0 1 0 1 2 1 0 -1 0
0 1 0 1 2 1 0 1 0
0 1 0 1 2 1 1 -1 0
0 1 0 1 2 1 1 1 0
0 1 0 1 2 1 2 -1 0
0 1 0 1 2 1 2 1 0
0 1 1 -1 0 -1 0 -1 0
0 1 1 -1 0 -1 0 1 -6.49961
0 1 1 -1 0 -1 1 -1 0
0 1 1 -1 0 -1 1 1 -6.61607
0 1 1 -1 0 -1 2 -1 0
0 1 1 -1 0 -1 2 1 -4.63569
0 1 1 -1 0 1 0 -1 6.49961
0 1 1 -1 0 1 0 1 0
0 1 1 -1 0 1 1 -1 6.61607
0 1 1 -1 0 1 1 1 0
0 1 1 -1 0 1 2 -1 4.63569
0 1 1 -1 0 1 2 1 0
0 1 1 -1 1 -1 0 -1 0
0 1 1 -1 1 -1 0 1 -6.61607
0 1 1 -1 1 -1 1 -1 0
0 1 1 -1 1 -1 1 1 -4.13051
0 1 1 -1 1 -1 2 -1 0
0 1 1 -1 1 -1 2 1 -3.34531
0 1 1 -1 1 1 0 -1 6.61607
0 1 1 -1 1 1 0 1 0
0 1 1 -1 1 1 1 -1 4.13051
0 1 1 -1 1 1 1 1 0
0 1 1 -1 1 1 2 -1 3.34531
0 1 1 -1 1 1 2 1 0
0 1 1 -1 2 -1 0 -1 0
0 1 1 -1 2 -1 0 1 -4.63569
0 1 1 -1 2 -1 1 -1 0
0 1 1 -1 2 -1 1 1 -3.34531
0 1 1 -1 2 -1 2 -1 0
0 1 1 -1 2 -1 2 1 -2.49034
0 1 1 -1 2 1 0 -1 4.63569
0 1 1 -1 2 1 0 1 0
0 1 1 -1 2 1 1 -1 3.34531
0 1 1 -1 2 1 1 1 0
0 1 1 -1 2 1 2 -1 2.49034
0 1 1 -1 2 1 2 1 0
0 1 1 1 0 -1 0 -1 0
0 1 1 1 0 -1 0 1 0
0 1 1 1 0 -1 1 -1 0
0 1 1 1 0 -1 1 1 0
0 1 1 1 0 -1 2 -1 0
0 1 1 1 0 -1 2 1 0
0 1 1 1 0 1 0 -1 0
0 1 1 1 0 1 0 1 0
0 1 1 1 0 1 1 -1 0
0 1 1 1 0 1 1 1 0
0 1 1 1 0 1 2 -1 0
0 1 1 1 0 1 2 1 0
0 1 1 1 1 -1 0 -1 0
0 1 1 1 1 -1 0 1 0
0 1 1 1 1 -1 1 -1 0
0 1 1 1 1 -1 1 1 0
0 1 1 1 1 -1 2 -1 0
0 1 1 1 1 -1 2 1 0
0 1 1 1 1 1 0 -1 0
0 1 1 1 1 1 0 1 0
0 1 1 1 1 1 1 -1 0
0 1 1 1 1 1 1 1 0
0 1 1 1 1 1 2 -1 0
0 1 1 1 1 1 2 1 0
0 1 1 1 2 -1 0 -1 0
0 1 1 1 2 -1 0 1 0
0 1 1 1 2 -1 1 -1 0
0 1 1 1 2 -1 1 1 0
0 1 1 1 2 -1 2 -1 0
0 1 1 1 2 -1 2 1 0
0 1 1 1 2 1 0 -1 0
0 1 1 1 2 1 0 1 0
0 1 1 1 2 1 1 -1 0
0 1 1 1 2 1 1 1 0
0 1 1 1 2 1 2 -1 0
0 1 1 1 2 1 2 1 0
0 1 2 -1 0 -1 0 -1 0
0 1 2 -1 0 -1 0 1 -3.05556
0 1 2 -1 0 -1 1 -1 0
0 1 2 -1 0 -1 1 1 -4.63569
0 1 2 -1 0 -1 2 -1 0
0 1 2 -1 0 -1 2 1 -4.55857
0 1 2 -1 0 1 0 -1 3.05556
0 1 2 -1 0 1 0 1 0
0 1 2 -1 0 1 1 -1 4.63569
0 1 2 -1 0 1 1 1 0
0 1 2 -1 0 1 2 -1 4.55857
0 1 2 -1 0 1 2 1 0
0 1 2 -1 1 -1 0 -1 0
0 1 2 -1 1 -1 0 1 -4.63569
0 1 2 -1 1 -1 1 -1 0
0 1 2 -1 1 -1 1 1 -3.89555
0 1 2 -1 1 -1 2 -1 0
0 1 2 -1 1 -1 2 1 -2.92994
0 1 2 -1 1 1 0 -1 4.63569
0 1 2 -1 1 1 0 1 0
0 1 2 -1 1 1 1 -1 3.89555
0 1 2 -1 1 1 1 1 0
0 1 2 -1 1 1 2 -1 2.92994
0 1 2 -1 1 1 2 1 0
0 1 2 -1 2 -1 0 -1 0
0 1 2 -1 2 -1 0 1 -4.55857
0 1 2 -1 2 -1 1 -1 0
0 1 2 -1 2 -1 1 1 -2.92994
0 1 2 -1 2 -1 2 -1 0
0 1 2 -1 2 -1 2 1 -2.25633
0 1 2 -1 2 1 0 -1 4.55857
0 1 2 -1 2 1 0 1 0
0 1 2 -1 2 1 1 -1 2.92994
0 1 2 -1 2 1 1 1 0
0 1 2 -1 2 1 2 -1 2.25633
0 1 2 -1 2 1 2 1 0
0 1 2 1 0 -1 0 -1 0
0 1 2 1 0 -1 0 1 0
0 1 2 1 0 -1 1 -1 0
0 1 2 1 0 -1 1 1 0
0 1 2 1 0 -1 2 -1 0
0 1 2 1 0 -1 2 1 0
0 1 2 1 0 1 0 -1 0
0 1 2 1 0 1 0 1 0
0 1 2 1 0 1 1 -1 0
0 1 2 1 0 1 1 1 0
0 1 2 1 0 1 2 -1 0
0 1 2 1 0 1 2 1 0
0 1 2 1 1 -1 0 -1 0
0 1 2 1 1 -1 0 1 0
0 1 2 1 1 -1 1 -1 0
0 1 2 1 1 -1 1 1 0
0 1 2 1 1 -1 2 -1 0
0 1 2 1 1 -1 2 1 0
0 1 2 1 1 1 0 -1 0
0 1 2 1 1 1 0 1 0
0 1 2 1 1 1 1 -1 0
0 1 2 1 1 1 1 1 0
0 1 2 1 1 1 2 -1 0
0 1 2 1 1 1 2 1 0
0 1 2 1 2 -1 0 -1 0
0 1 2 1 2 -1 0 1 0
0 1 2 1 2 -1 1 -1 0
0 1 2 1 2 -1 1 1 0
0 1 2 1 2 -1 2 -1 0
0 1 2 1 2 -1 2 1 0
0 1 2 1 2 1 0 -1 0
0 1 2 1 2 1 0 1 0
0 1 2 1 2 1 1 -1 0
0 1 2 1 2 1 1 1 0
0 1 2 1 2 1 2 -1 0
0 1 2 1 2 1 2 1 0
1 -1 0 -1 0 -1 0 -1 0
1 -1 0 -1 0 -1 0 1 0
1 -1 0 -1 0 -1 1 -1 0
1 -1 0 -1 0 -1 1 1 0
1 -1 0 -1 0 -1 2 -1 0
1 -1 0 -1 0 -1 2 1 0
1 -1 0 -1 0 1 0 -1 0
1 -1 0 -1 0 1 0 1 0
1 -1 0 -1 0 1 1 -1 0
1 -1 0 -1 0 1 1 1 0
1 -1 0 -1 0 1 2 -1 0
1 -1 0 -1 0 1 2 1 0
1 -1 0 -1 1 -1 0 -1 0
1 -1 0 -1 1 -1 0 1 0
1 -1 0 -1 1 -1 1 -1 0
1 -1 0 -1 1 -1 1 1 0
1 -1 0 -1 1 -1 2 -1 0
1 -1 0 -1 1 -1 2 1 0
1 -1 0 -1 1 1 0 -1 0
1 -1 0 -1 1 1 0 1 0
1 -1 0 -1 1 1 1 -1 0
1 -1 0 -1 1 1 1 1 0
1 -1 0 -1 1 1 2 -1 0
1 -1 0 -1 1 1 2 1 0
1 -1 0 -1 2 -1 0 -1 0
1 -1 0 -1 2 -1 0 1 0
1 -1 0 -1 2 -1 1 -1 0
1 -1 0 -1 2 -1 1 1 0
1 -1 0 -1 2 -1 2 -1 0
1 -1 0 -1 2 -1 2 1 0
1 -1 0 -1 2 1 0 -1 0
1 -1 0 -1 2 1 0 1 0
1 -1 0 -1 2 1 1 -1 0
1 -1 0 -1 2 1 1 1 0
1 -1 0 -1 2 1 2 -1 0
1 -1 0 -1 2 1 2 1 0
1 -1 0 1 0 -1 0 -1 0
1 -1 0 1 0 -1 0 1 6.49961
1 -1 0 1 0 -1 1 -1 0
1 -1 0 1 0 -1 1 1 6.61607
1 -1 0 1 0 -1 2 -1 0
1 -1 0 1 0 -1 2 1 4.63569
1 -1 0 1 0 1 0 -1 -6.49961
1 -1 0 1 0 1 0 1 0
1 -1 0 1 0 1 1 -1 -6.61607
1 -1 0 1 0 1 1 1 0
1 -1 0 1 0 1 2 -1 -4.63569
1 -1 0 1 0 1 2 1 0
1 -1 0 1 1 -1 0 -1 0
1 -1 0 1 1 -1 0 1 6.61607
1 -1 0 1 1 -1 1 -1 0
1 -1 0 1 1 -1 1 1 4.13051
1 -1 0 1 1 -1 2 -1 0
1 -1 0 1 1 -1 2 1 3.34531
1 -1 0 1 1 1 0 -1 -6.61607
1 -1 0 1 1 1 0 1 0
1 -1 0 1 1 1 1 -1 -4.13051
1 -1 0 1 1 1 1 1 0
1 -1 0 1 1 1 2 -1 -3.34531
1 -1 0 1 1 1 2 1 0
1 -1 0 1 2 -1 0 -1 0
1 -1 0 1 2 -1 0 1 4.63569
1 -1 0 1 2 -1 1 -1 0
1 -1 0 1 2 -1 1 1 3.34531
1 -1 0 1 2 -1 2 -1 0
1 -1 0 1 2 -1 2 1 2.49034
1 -1 0 1 2 1 0 -1 -4.63569
1 -1 0 1 2 1 0 1 0
1 -1 0 1 2 1 1 -1 -3.34531
1 -1 0 1 2 1 1 1 0
1 -1 0 1 2 1 2 -1 -2.49034
1 -1 0 1 2 1 2 1 0
1 -1 1 -1 0 -1 0 -1 0
1 -1 1 -1 0 -1 0 1 0
1 -1 1 -1 0 -1 1 -1 0
1 -1 1 -1 0 -1 1 1 0
1 -1 1 -1 0 -1 2 -1 0
1 -1 1 -1 0 -1 2 1 0
1 -1 1 -1 0 1 0 -1 0
1 -1 1 -1 0 1 0 1 0
1 -1 1 -1 0 1 1 -1 0
1 -1 1 -1 0 1 1 1 0
1 -1 1 -1 0 1 2 -1 0
1 -1 1 -1 0 1 2 1 0
1 -1 1 -1 1 -1 0 -1 0
1 -1 1 -1 1 -1 0 1 0
1 -1 1 -1 1 -1 1 -1 0
1 -1 1 -1 1 -1 1 1 0
1 -1 1 -1 1 -1 2 -1 0
1 -1 1 -1 1 -1 2 1 0
1 -1 1 -1 1 1 0 -1 0
1 -1 1 -1 1 1 0 1 0
1 -1 1 -1 1 1 1 -1 0
1 -1 1 -1 1 1 1 1 0
1 -1 1 -1 1 1 2 -1 0
1 -1 1 -1 1 1 2 1 0
1 -1 1 -1 2 -1 0 -1 0
1 -1 1 -1 2 -1 0 1 0
1 -1 1 -1 2 -1 1 -1 0
1 -1 1 -1 2 -1 1 1 0
1 -1 1 -1 2 -1 2 -1 0
1 -1 1 -1 2 -1 2 1 0
1 -1 1 -1 2 1 0 -1 0
1 -1 1 -1 2 1 0 1 0
1 -1 1 -1 2 1 1 -1 0
1 -1 1 -1 2 1 1 1 0
1 -1 1 -1 2 1 2 -1 0
1 -1 1 -1 2 1 2 1 0
1 -1 1 1 0 -1 0 -1 0
1 -1 1 1 0 -1 0 1 5.57867
1 -1 1 1 0 -1 1 -1 0
1 -1 1 1 0 -1 1 1 4.13051
1 -1 1 1 0 -1 2 -1 0
1 -1 1 1 0 -1 2 1 3.89555
1 -1 1 1 0 1 0 -1 -5.57867
1 -1 1 1 0 1 0 1 0
1 -1 1 1 0 1 1 -1 -4.13051
1 -1 1 1 0 1 1 1 0
1 -1 1 1 0 1 2 -1 -3.89555
1 -1 1 1 0 1 2 1 0
1 -1 1 1 1 -1 0 -1 0
1 -1 1 1 1 -1 0 1 4.13051
1 -1 1 1 1 -1 1 -1 0
1 -1 1 1 1 -1 1 1 6.01148
1 -1 1 1 1 -1 2 -1 0
1 -1 1 1 1 -1 2 1 3.76459
1 -1 1 1 1 1 0 -1 -4.13051
1 -1 1 1 1 1 0 1 0
1 -1 1 1 1 1 1 -1 -6.01148
1 -1 1 1 1 1 1 1 0
1 -1 1 1 1 1 2 -1 -3.76459
1 -1 1 1 1 1 2 1 0
1 -1 1 1 2 -1 0 -1 0
1 -1 1 1 2 -1 0 1 3.89555
1 -1 1 1 2 -1 1 -1 0
1 -1 1 1 2 -1 1 1 3.76459
1 -1 1 1 2 -1 2 -1 0
1 -1 1 1 2 -1 2 1 3.54664
1 -1 1 1 2 1 0 -1 -3.89555
1 -1 1 1 2 1 0 1 0
1 -1 1 1 2 1 1 -1 -3.76459
1 -1 1 1 2 1 1 1 0
1 -1 1 1 2 1 2 -1 -3.54664
1 -1 1 1 2 1 2 1 0
1 -1 2 -1 0 -1 0 -1 0
1 -1 2 -1 0 -1 0 1 0
1 -1 2 -1 0 -1 1 -1 0
1 -1 2 -1 0 -1 1 1 0
1 -1 2 -1 0 -1 2 -1 0
1 -1 2 -1 0 -1 2 1 0
1 -1 2 -1 0 1 0 -1 0
1 -1 2 -1 0 1 0 1 0
1 -1 2 -1 0 1 1 -1 0
1 -1 2 -1 0 1 1 1 0
1 -1 2 -1 0 1 2 -1 0
1 -1 2 -1 0 1 2 1 0
1 -1 2 -1 1 -1 0 -1 0
1 -1 2 -1 1 -1 0 1 0
1 -1 2 -1 1 -1 1 -1 0
1 -1 2 -1 1 -1 1 1 0
1 -1 2 -1 1 -1 2 -1 0
1 -1 2 -1 1 -1 2 1 0
1 -1 2 -1 1 1 0 -1 0
1 -1 2 -1 1 1 0 1 0
1 -1 2 -1 1 1 1 -1 0
1 -1 2 -1 1 1 1 1 0
1 -1 2 -1 1 1 2 -1 0
1 -1 2 -1 1 1 2 1 0
1 -1 2 -1 2 -1 0 -1 0
1 -1 2 -1 2 -1 0 1 0
1 -1 2 -1 2 -1 1 -1 0
1 -1 2 -1 2 -1 1 1 0
1 -1 2 -1 2 -1 2 -1 0
1 -1 2 -1 2 -1 2 1 0
1 -1 2 -1 2 1 0 -1 0
1 -1 2 -1 2 1 0 1 0
1 -1 2 -1 2 1 1 -1 0
1 -1 2 -1 2 1 1 1 0
1 -1 2 -1 2 1 2 -1 0
1 -1 2 -1 2 1 2 1 0
1 -1 2 1 0 -1 0 -1 0
1 -1 2 1 0 -1 0 1 3.6921
1 -1 2 1 0 -1 1 -1 0
1 -1 2 1 0 -1 1 1 3.34531
1 -1 2 1 0 -1 2 -1 0
1 -1 2 1 0 -1 2 1 2.92994
1 -1 2 1 0 1 0 -1 -3.6921
1 -1 2 1 0 1 0 1 0
1 -1 2 1 0 1 1 -1 -3.34531
1 -1 2 1 0 1 1 1 0
1 -1 2 1 0 1 2 -1 -2.92994
1 -1 2 1 0 1 2 1 0
1 -1 2 1 1 -1 0 -1 0
1 -1 2 1 1 -1 0 1 3.34531
1 -1 2 1 1 -1 1 -1 0
1 -1 2 1 1 -1 1 1 3.76459
1 -1 2 1 1 -1 2 -1 0
1 -1 2 1 1 -1 2 1 4.06059
1 -1 2 1 1 1 0 -1 -3.34531
1 -1 2 1 1 1 0 1 0
1 -1 2 1 1 1 1 -1 -3.76459
1 -1 2 1 1 1 1 1 0
1 -1 2 1 1 1 2 -1 -4.06059
1 -1 2 1 1 1 2 1 0
1 -1 2 1 2 -1 0 -1 0
1 -1 2 1 2 -1 0 1 2.92994
1 -1 2 1 2 -1 1 -1 0
1 -1 2 1 2 -1 1 1 4.06059
1 -1 2 1 2 -1 2 -1 0
1 -1 2 1 2 -1 2 1 2.92276
1 -1 2 1 2 1 0 -1 -2.92994
1 -1 2 1 2 1 0 1 0
1 -1 2 1 2 1 1 -1 -4.06059
1 -1 2 1 2 1 1 1 0
1 -1 2 1 2 1 2 -1 -2.92276
1 -1 2 1 2 1 2 1 0
1 1 0 -1 0 -1 0 -1 0
1 1 0 -1 0 -1 0 1 -6.49961
1 1 0 -1 0 -1 1 -1 0
1 1 0 -1 0 -1 1 1 -6.61607
1 1 0 -1 0 -1 2 -1 0
1 1 0 -1 0 -1 2 1 -4.63569
1 1 0 -1 0 1 0 -1 6.49961
1 1 0 -1 0 1 0 1 0
1 1 0 -1 0 1 1 -1 6.61607
1 1 0 -1 0 1 1 1 0
1 1 0 -1 0 1 2 -1 4.63569
1 1 0 -1 0 1 2 1 0
1 1 0 -1 1 -1 0 -1 0
1 1 0 -1 1 -1 0 1 -6.61607
1 1 0 -1 1 -1 1 -1 0
1 1 0 -1 1 -1 1 1 -4.13051
1 1 0 -1 1 -1 2 -1 0
1 1 0 -1 1 -1 2 1 -3.34531
1 1 0 -1 1 1 0 -1 6.61607
1 1 0 -1 1 1 0 1 0
1 1 0 -1 1 1 1 -1 4.13051
1 1 0 -1 1 1 1 1 0
1 1 0 -1 1 1 2 -1 3.34531
1 1 0 -1 1 1 2 1 0
1 1 0 -1 2 -1 0 -1 0
1 1 0 -1 2 -1 0 1 -4.63569
1 1 0 -1 2 -1 1 -1 0
1 1 0 -1 2 -1 1 1 -3.34531
1 1 0 -1 2 -1 2 -1 0
1 1 0 -1 2 -1 2 1 -2.49034
1 1 0 -1 2 1 0 -1 4.63569
1 1 0 -1 2 1 0 1 0
1 1 0 -1 2 1 1 -1 3.34531
1 1 0 -1 2 1 1 1 0
1 1 0 -1 2 1 2 -1 2.49034
1 1 0 -1 2 1 2 1 0
1 1 0 1 0 -1 0 -1 0
1 1 0 1 0 -1 0 1 0
1 1 0 1 0 -1 1 -1 0
1 1 0 1 0 -1 1 1 0
1 1 0 1 0 -1 2 -1 0
1 1 0 1 0 -1 2 1 0
1 1 0 1 0 1 0 -1 0
1 1 0 1 0 1 0 1 0
1 1 0 1 0 1 1 -1 0
1 1 0 1 0 1 1 1 0
1 1 0 1 0 1 2 -1 0
1 1 0 1 0 1 2 1 0
1 1 0 1 1 -1 0 -1 0
1 1 0 1 1 -1 0 1 0
1 1 0 1 1 -1 1 -1 0
1 1 0 1 1 -1 1 1 0
1 1 0 1 1 -1 2 -1 0
1 1 0 1 1 -1 2 1 0
1 1 0 1 1 1 0 -1 0
1 1 0 1 1 1 0 1 0
1 1 0 1 1 1 1 -1 0
1 1 0 1 1 1 1 1 0
1 1 0 1 1 1 2 -1 0
1 1 0 1 1 1 2 1 0
1 1 0 1 2 -1 0 -1 0
1 1 0 1 2 -1 0 1 0
1 1 0 1 2 -1 1 -1 0
1 1 0 1 2 -1 1 1 0
1 1 0 1 2 -1 2 -1 0
1 1 0 1 2 -1 2 1 0
1 1 0 1 2 1 0 -1 0
1 1 0 1 2 1 0 1 0
1 1 0 1 2 1 1 -1 0
1 1 0 1 2 1 1 1 0
1 1 0 1 2 1 2 -1 0
1 1 0 1 2 1 2 1 0
1 1 1 -1 0 -1 0 -1 0
1 1 1 -1 0 -1 0 1 -5.57867
1 1 1 -1 0 -1 1 -1 0
1 1 1 -1 0 -1 1 1 -4.13051
1 1 1 -1 0 -1 2 -1 0
1 1 1 -1 0 -1 2 1 -3.89555
1 1 1 -1 0 1 0 -1 5.57867
1 1 1 -1 0 1 0 1 0
1 1 1 -1 0 1 1 -1 4.13051
1 1 1 -1 0 1 1 1 0
1 1 1 -1 0 1 2 -1 3.89555
1 1 1 -1 0 1 2 1 0
1 1 1 -1 1 -1 0 -1 0
1 1 1 -1 1 -1 0 1 -4.13051
1 1 1 -1 1 -1 1 -1 0
1 1 1 -1 1 -1 1 1 -6.01148
1 1 1 -1 1 -1 2 -1 0
1 1 1 -1 1 -1 2 1 -3.76459
1 1 1 -1 1 1 0 -1 4.13051
1 1 1 -1 1 1 0 1 0
1 1 1 -1 1 1 1 -1 6.01148
1 1 1 -1 1 1 1 1 0
1 1 1 -1 1 1 2 -1 3.76459
1 1 1 -1 1 1 2 1 0
1 1 1 -1 2 -1 0 -1 0
1 1 1 -1 2 -1 0 1 -3.89555
1 1 1 -1 2 -1 1 -1 0
1 1 1 -1 2 -1 1 1 -3.76459
1 1 1 -1 2 -1 2 -1 0
1 1 1 -1 2 -1 2 1 -3.54664
1 1 1 -1 2 1 0 -1 3.89555
1 1 1 -1 2 1 0 1 0
1 1 1 -1 2 1 1 -1 3.76459
1 1 1 -1 2 1 1 1 0
1 1 1 -1 2 1 2 -1 3.54664
1 1 1 -1 2 1 2 1 0
1 1 1 1 0 -1 0 -1 0
1 1 1 1 0 -1 0 1 0
1 1 1 1 0 -1 1 -1 0
1 1 1 1 0 -1 1 1 0
1 1 1 1 0 -1 2 -1 0
1 1 1 1 0 -1 2 1 0
1 1 1 1 0 1 0 -1 0
1 1 1 1 0 1 0 1 0
1 1 1 1 0 1 1 -1 0
1 1 1 1 0 1 1 1 0
1 1 1 1 0 1 2 -1 0
1 1 1 1 0 1 2 1 0
1 1 1 1 1 -1 0 -1 0
1 1 1 1 1 -1 0 1 0
1 1 1 1 1 -1 1 -1 0
1 1 1 1 1 -1 1 1 0
1 1 1 1 1 -1 2 -1 0
1 1 1 1 1 -1 2 1 0
1 1 1 1 1 1 0 -1 0
1 1 1 1 1 1 0 1 0
1 1 1 1 1 1 1 -1 0
1 1 1 1 1 1 1 1 0
1 1 1 1 1 1 2 -1 0
1 1 1 1 1 1 2 1 0
1 1 1 1 2 -1 0 -1 0
1 1 1 1 2 -1 0 1 0
1 1 1 1 2 -1 1 -1 0
1 1 1 1 2 -1 1 1 0
1 1 1 1 2 -1 2 -1 0
1 1 1 1 2 -1 2 1 0
1 1 1 1 2 1 0 -1 0
1 1 1 1 2 1 0 1 0
1 1 1 1 2 1 1 -1 0
1 1 1 1 2 1 1 1 0
1 1 1 1 2 1 2 -1 0
1 1 1 1 2 1 2 1 0
1 1 2 -1 0 -1 0 -1 0
1 1 2 -1 0 -1 0 1 -3.6921
1 1 2 -1 0 -1 1 -1 0
1 1 2 -1 0 -1 1 1 -3.34531
1 1 2 -1 0 -1 2 -1 0
1 1 2 -1 0 -1 2 1 -2.92994
1 1 2 -1 0 1 0 -1 3.6921
1 1 2 -1 0 1 0 1 0
1 1 2 -1 0 1 1 -1 3.34531
1 1 2 -1 0 1 1 1 0
1 1 2 -1 0 1 2 -1 2.92994
1 1 2 -1 0 1 2 1 0
1 1 2 -1 1 -1 0 -1 0
1 1 2 -1 1 -1 0 1 -3.34531
1 1 2 -1 1 -1 1 -1 0
1 1 2 -1 1 -1 1 1 -3.76459
1 1 2 -1 1 -1 2 -1 0
1 1 2 -1 1 -1 2 1 -4.06059
1 1 2 -1 1 1 0 -1 3.34531
1 1 2 -1 1 1 0 1 0
1 1 2 -1 1 1 1 -1 3.76459
1 1 2 -1 1 1 1 1 0
1 1 2 -1 1 1 2 -1 4.06059
1 1 2 -1 1 1 2 1 0
1 1 2 -1 2 -1 0 -1 0
1 1 2 -1 2 -1 0 1 -2.92994
1 1 2 -1 2 -1 1 -1 0
1 1 2 -1 2 -1 1 1 -4.06059
1 1 2 -1 2 -1 2 -1 0
1 1 2 -1 2 -1 2 1 -2.92276
1 1 2 -1 2 1 0 -1 2.92994
1 1 2 -1 2 1 0 1 0
1 1 2 -1 2 1 1 -1 4.06059
1 1 2 -1 2 1 1 1 0
1 1 2 -1 2 1 2 -1 2.92276
1 1 2 -1 2 1 2 1 0
1 1 2 1 0 -1 0 -1 0
1 1 2 1 0 -1 0 1 0
1 1 2 1 0 -1 1 -1 0
1 1 2 1 0 -1 1 1 0
1 1 2 1 0 -1 2 -1 0
1 1 2 1 0 -1 2 1 0
1 1 2 1 0 1 0 -1 0
1 1 2 1 0 1 0 1 0
1 1 2 1 0 1 1 -1 0
1 1 2 1 0 1 1 1 0
1 1 2 1 0 1 2 -1 0
1 1 2 1 0 1 2 1 0
1 1 2 1 1 -1 0 -1 0
1 1 2 1 1 -1 0 1 0
1 1 2 1 1 -1 1 -1 0
1 1 2 1 1 -1 1 1 0
1 1 2 1 1 -1 2 -1 0
1 1 2 1 1 -1 2 1 0
1 1 2 1 1 1 0 -1 0
1 1 2 1 1 1 0 1 0
1 1 2 1 1 1 1 -1 0
1 1 2 1 1 1 1 1 0
1 1 2 1 1 1 2 -1 0
1 1 2 1 1 1 2 1 0
1 1 2 1 2 -1 0 -1 0
1 1 2 1 2 -1 0 1 0
1 1 2 1 2 -1 1 -1 0
1 1 2 1 2 -1 1 1 0
1 1 2 1 2 -1 2 -1 0
1 1 2 1 2 -1 2 1 0
1 1 2 1 2 1 0 -1 0
1 1 2 1 2 1 0 1 0
1 1 2 1 2 1 1 -1 0
1 1 2 1 2 1 1 1 0
1 1 2 1 2 1 2 -1 0
1 1 2 1 2 1 2 1 0
2 -1 0 -1 0 -1 0 -1 0
2 -1 0 -1 0 -1 0 1 0
2 -1 0 -1 0 -1 1 -1 0
2 -1 0 -1 0 -1 1 1 0
2 -1 0 -1 0 -1 2 -1 0
2 -1 0 -1 0 -1 2 1 0
2 -1 0 -1 0 1 0 -1 0
2 -1 0 -1 0 1 0 1 0
2 -1 0 -1 0 1 1 -1 0
2 -1 0 -1 0 1 1 1 0
2 -1 0 -1 0 1 2 -1 0
2 -1 0 -1 0 1 2 1 0
2 -1 0 -1 1 -1 0 -1 0
2 -1 0 -1 1 -1 0 1 0
2 -1 0 -1 1 -1 1 -1 0
2 -1 0 -1 1 -1 1 1 0
2 -1 0 -1 1 -1 2 -1 0
2 -1 0 -1 1 -1 2 1 0
2 -1 0 -1 1 1 0 -1 0
2 -1 0 -1 1 1 0 1 0
2 -1 0 -1 1 1 1 -1 0
2 -1 0 -1 1 1 1 1 0
2 -1 0 -1 1 1 2 -1 0
2 -1 0 -1 1 1 2 1 0
2 -1 0 -1 2 -1 0 -1 0
2 -1 0 -1 2 -1 0 1 0
2 -1 0 -1 2 -1 1 -1 0
2 -1 0 -1 2 -1 1 1 0
2 -1 0 -1 2 -1 2 -1 0
2 -1 0 -1 2 -1 2 1 0
2 -1 0 -1 2 1 0 -1 0
2 -1 0 -1 2 1 0 1 0
2 -1 0 -1 2 1 1 -1 0
2 -1 0 -1 2 1 1 1 0
2 -1 0 -1 2 1 2 -1 0
2 -1 0 -1 2 1 2 1 0
2 -1 0 1 0 -1 0 -1 0
2 -1 0 1 0 -1 0 1 3.05556
2 -1 0 1 0 -1 1 -1 0
2 -1 0 1 0 -1 1 1 4.63569
2 -1 0 1 0 -1 2 -1 0
2 -1 0 1 0 -1 2 1 4.55857
2 -1 0 1 0 1 0 -1 -3.05556
2 -1 0 1 0 1 0 1 0
2 -1 0 1 0 1 1 -1 -4.63569
2 -1 0 1 0 1 1 1 0
2 -1 0 1 0 1 2 -1 -4.55857
2 -1 0 1 0 1 2 1 0
2 -1 0 1 1 -1 0 -1 0
2 -1 0 1 1 -1 0 1 4.63569
2 -1 0 1 1 -1 1 -1 0
2 -1 0 1 1 -1 1 1 3.89555
2 -1 0 1 1 -1 2 -1 0
2 -1 0 1 1 -1 2 1 2.92994
2 -1 0 1 1 1 0 -1 -4.63569
2 -1 0 1 1 1 0 1 0
2 -1 0 1 1 1 1 -1 -3.89555
2 -1 0 1 1 1 1 1 0
2 -1 0 1 1 1 2 -1 -2.92994
2 -1 0 1 1 1 2 1 0
2 -1 0 1 2 -1 0 -1 0
2 -1 0 1 2 -1 0 1 4.55857
2 -1 0 1 2 -1 1 -1 0
2 -1 0 1 2 -1 1 1 2.92994
2 -1 0 1 2 -1 2 -1 0
2 -1 0 1 2 -1 2 1 2.25633
2 -1 0 1 2 1 0 -1 -4.55857
2 -1 0 1 2 1 0 1 0
2 -1 0 1 2 1 1 -1 -2.92994
2 -1 0 1 2 1 1 1 0
2 -1 0 1 2 1 2 -1 -2.25633
2 -1 0 1 2 1 2 1 0
2 -1 1 -1 0 -1 0 -1 0
2 -1 1 -1 0 -1 0 1 0
2 -1 1 -1 0 -1 1 -1 0
2 -1 1 -1 0 -1 1 1 0
2 -1 1 -1 0 -1 2 -1 0
2 -1 1 -1 0 -1 2 1 0
2 -1 1 -1 0 1 0 -1 0
2 -1 1 -1 0 1 0 1 0
2 -1 1 -1 0 1 1 -1 0
2 -1 1 -1 0 1 1 1 0
2 -1 1 -1 0 1 2 -1 0
2 -1 1 -1 0 1 2 1 0
2 -1 1 -1 1 -1 0 -1 0
2 -1 1 -1 1 -1 0 1 0
2 -1 1 -1 1 -1 1 -1 0
2 -1 1 -1 1 -1 1 1 0
2 -1 1 -1 1 -1 2 -1 0
2 -1 1 -1 1 -1 2 1 0
2 -1 1 -1 1 1 0 -1 0
2 -1 1 -1 1 1 0 1 0
2 -1 1 -1 1 1 1 -1 0
2 -1 1 -1 1 1 1 1 0
2 -1 1 -1 1 1 2 -1 0
2 -1 1 -1 1 1 2 1 0
2 -1 1 -1 2 -1 0 -1 0
2 -1 1 -1 2 -1 0 1 0
2 -1 1 -1 2 -1 1 -1 0
2 -1 1 -1 2 -1 1 1 0
2 -1 1 -1 2 -1 2 -1 0
2 -1 1 -1 2 -1 2 1 0
2 -1 1 -1 2 1 0 -1 0
2 -1 1 -1 2 1 0 1 0
2 -1 1 -1 2 1 1 -1 0
2 -1 1 -1 2 1 1 1 0
2 -1 1 -1 2 1 2 -1 0
2 -1 1 -1 2 1 2 1 0
2 -1 1 1 0 -1 0 -1 0
2 -1 1 1 0 -1 0 1 3.6921
2 -1 1 1 0 -1 1 -1 0
2 -1 1 1 0 -1 1 1 3.34531
2 -1 1 1 0 -1 2 -1 0
2 -1 1 1 0 -1 2 1 2.92994
2 -1 1 1 0 1 0 -1 -3.6921
2 -1 1 1 0 1 0 1 0
2 -1 1 1 0 1 1 -1 -3.34531
2 -1 1 1 0 1 1 1 0
2 -1 1 1 0 1 2 -1 -2.92994
2 -1 1 1 0 1 2 1 0
2 -1 1 1 1 -1 0 -1 0
2 -1 1 1 1 -1 0 1 3.34531
2 -1 1 1 1 -1 1 -1 0
2 -1 1 1 1 -1 1 1 3.76459
2 -1 1 1 1 -1 2 -1 0
2 -1 1 1 1 -1 2 1 4.06059
2 -1 1 1 1 1 0 -1 -3.34531
2 -1 1 1 1 1 0 1 0
2 -1 1 1 1 1 1 -1 -3.76459
2 -1 1 1 1 1 1 1 0
2 -1 1 1 1 1 2 -1 -4.06059
2 -1 1 1 1 1 2 1 0
2 -1 1 1 2 -1 0 -1 0
2 -1 1 1 2 -1 0 1 2.92994
2 -1 1 1 2 -1 1 -1 0
2 -1 1 1 2 -1 1 1 4.06059
2 -1 1 1 2 -1 2 -1 0
2 -1 1 1 2 -1 2 1 2.92276
2 -1 1 1 2 1 0 -1 -2.92994
2 -1 1 1 2 1 0 1 0
2 -1 1 1 2 1 1 -1 -4.06059
2 -1 1 1 2 1 1 1 0
2 -1 1 1 2 1 2 -1 -2.92276
2 -1 1 1 2 1 2 1 0
2 -1 2 -1 0 -1 0 -1 0
2 -1 2 -1 0 -1 0 1 0
2 -1 2 -1 0 -1 1 -1 0
2 -1 2 -1 0 -1 1 1 0
2 -1 2 -1 0 -1 2 -1 0
2 -1 2 -1 0 -1 2 1 0
2 -1 2 -1 0 1 0 -1 0
2 -1 2 -1 0 1 0 1 0
2 -1 2 -1 0 1 1 -1 0
2 -1 2 -1 0 1 1 1 0
2 -1 2 -1 0 1 2 -1 0
2 -1 2 -1 0 1 2 1 0
2 -1 2 -1 1 -1 0 -1 0
2 -1 2 -1 1 -1 0 1 0
2 -1 2 -1 1 -1 1 -1 0
2 -1 2 -1 1 -1 1 1 0
2 -1 2 -1 1 -1 2 -1 0
2 -1 2 -1 1 -1 2 1 0
2 -1 2 -1 1 1 0 -1 0
2 -1 2 -1 1 1 0 1 0
2 -1 2 -1 1 1 1 -1 0
2 -1 2 -1 1 1 1 1 0
2 -1 2 -1 1 1 2 -1 0
2 -1 2 -1 1 1 2 1 0
2 -1 2 -1 2 -1 0 -1 0
2 -1 2 -1 2 -1 0 1 0
2 -1 2 -1 2 -1 1 -1 0
2 -1 2 -1 2 -1 1 1 0
2 -1 2 -1 2 -1 2 -1 0
2 -1 2 -1 2 -1 2 1 0
2 -1 2 -1 2 1 0 -1 0
2 -1 2 -1 2 1 0 1 0
2 -1 2 -1 2 1 1 -1 0
2 -1 2 -1 2 1 1 1 0
2 -1 2 -1 2 1 2 -1 0
2 -1 2 -1 2 1 2 1 0
2 -1 2 1 0 -1 0 -1 0
2 -1 2 1 0 -1 0 1 3.15965
2 -1 2 1 0 -1 1 -1 0
2 -1 2 1 0 -1 1 1 2.49034
2 -1 2 1 0 -1 2 -1 0
2 -1 2 1 0 -1 2 1 2.25633
2 -1 2 1 0 1 0 -1 -3.15965
2 -1 2 1 0 1 0 1 0
2 -1 2 1 0 1 1 -1 -2.49034
2 -1 2 1 0 1 1 1 0
2 -1 2 1 0 1 2 -1 -2.25633
2 -1 2 1 0 1 2 1 0
2 -1 2 1 1 -1 0 -1 0
2 -1 2 1 1 -1 0 1 2.49034
2 -1 2 1 1 -1 1 -1 0
2 -1 2 1 1 -1 1 1 3.54664
2 -1 2 1 1 -1 2 -1 0
2 -1 2 1 1 -1 2 1 2.92276
2 -1 2 1 1 1 0 -1 -2.49034
2 -1 2 1 1 1 0 1 0
2 -1 2 1 1 1 1 -1 -3.54664
2 -1 2 1 1 1 1 1 0
2 -1 2 1 1 1 2 -1 -2.92276
2 -1 2 1 1 1 2 1 0
2 -1 2 1 2 -1 0 -1 0
2 -1 2 1 2 -1 0 1 2.25633
2 -1 2 1 2 -1 1 -1 0
2 -1 2 1 2 -1 1 1 2.92276
2 -1 2 1 2 -1 2 -1 0
2 -1 2 1 2 -1 2 1 3.89111
2 -1 2 1 2 1 0 -1 -2.25633
2 -1 2 1 2 1 0 1 0
2 -1 2 1 2 1 1 -1 -2.92276
2 -1 2 1 2 1 1 1 0
2 -1 2 1 2 1 2 -1 -3.89111
2 -1 2 1 2 1 2 1 0
2 1 0 -1 0 -1 0 -1 0
2 1 0 -1 0 -1 0 1 -3.05556
2 1 0 -1 0 -1 1 -1 0
2 1 0 -1 0 -1 1 1 -4.63569
2 1 0 -1 0 -1 2 -1 0
2 1 0 -1 0 -1 2 1 -4.55857
2 1 0 -1 0 1 0 -1 3.05556
2 1 0 -1 0 1 0 1 0
2 1 0 -1 0 1 1 -1 4.63569
2 1 0 -1 0 1 1 1 0
2 1 0 -1 0 1 2 -1 4.55857
2 1 0 -1 0 1 2 1 0
2 1 0 -1 1 -1 0 -1 0
2 1 0 -1 1 -1 0 1 -4.63569
2 1 0 -1 1 -1 1 -1 0
2 1 0 -1 1 -1 1 1 -3.89555
2 1 0 -1 1 -1 2 -1 0
2 1 0 -1 1 -1 2 1 -2.92994
2 1 0 -1 1 1 0 -1 4.63569
2 1 0 -1 1 1 0 1 0
2 1 0 -1 1 1 1 -1 3.89555
2 1 0 -1 1 1 1 1 0
2 1 0 -1 1 1 2 -1 2.92994
2 1 0 -1 1 1 2 1 0
2 1 0 -1 2 -1 0 -1 0
2 1 0 -1 2 -1 0 1 -4.55857
2 1 0 -1 2 -1 1 -1 0
2 1 0 -1 2 -1 1 1 -2.92994
2 1 0 -1 2 -1 2 -1 0
2 1 0 -1 2 -1 2 1 -2.25633
2 1 0 -1 2 1 0 -1 4.55857
2 1 0 -1 2 1 0 1 0
2 1 0 -1 2 1 1 -1 2.92994
2 1 0 -1 2 1 1 1 0
2 1 0 -1 2 1 2 -1 2.25633
2 1 0 -1 2 1 2 1 0
2 1 0 1 0 -1 0 -1 0
2 1 0 1 0 -1 0 1 0
2 1 0 1 0 -1 1 -1 0
2 1 0 1 0 -1 1 1 0
2 1 0 1 0 -1 2 -1 0
2 1 0 1 0 -1 2 1 0
2 1 0 1 0 1 0 -1 0
2 1 0 1 0 1 0 1 0
2 1 0 1 0 1 1 -1 0
2 1 0 1 0 1 1 1 0
2 1 0 1 0 1 2 -1 0
2 1 0 1 0 1 2 1 0
2 1 0 1 1 -1 0 -1 0
2 1 0 1 1 -1 0 1 0
2 1 0 1 1 -1 1 -1 0
2 1 0 1 1 -1 1 1 0
2 1 0 1 1 -1 2 -1 0
2 1 0 1 1 -1 2 1 0
2 1 0 1 1 1 0 -1 0
2 1 0 1 1 1 0 1 0
2 1 0 1 1 1 1 -1 0
2 1 0 1 1 1 1 1 0
2 1 0 1 1 1 2 -1 0
2 1 0 1 1 1 2 1 0
2 1 0 1 2 -1 0 -1 0
2 1 0 1 2 -1 0 1 0
2 1 0 1 2 -1 1 -1 0
2 1 0 1 2 -1 1 1 0
2 1 0 1 2 -1 2 -1 0
2 1 0 1 2 -1 2 1 0
2 1 0 1 2 1 0 -1 0
2 1 0 1 2 1 0 1 0
2 1 0 1 2 1 1 -1 0
2 1 0 1 2 1 1 1 0
2 1 0 1 2 1 2 -1 0
2 1 0 1 2 1 2 1 0
2 1 1 -1 0 -1 0 -1 0
2 1 1 -1 0 -1 0 1 -3.6921
2 1 1 -1 0 -1 1 -1 0
2 1 1 -1 0 -1 1 1 -3.34531
2 1 1 -1 0 -1 2 -1 0
2 1 1 -1 0 -1 2 1 -2.92994
2 1 1 -1 0 1 0 -1 3.6921
2 1 1 -1 0 1 0 1 0
2 1 1 -1 0 1 1 -1 3.34531
2 1 1 -1 0 1 1 1 0
2 1 1 -1 0 1 2 -1 2.92994
2 1 1 -1 0 1 2 1 0
2 1 1 -1 1 -1 0 -1 0
2 1 1 -1 1 -1 0 1 -3.34531
2 1 1 -1 1 -1 1 -1 0
2 1 1 -1 1 -1 1 1 -3.76459
2 1 1 -1 1 -1 2 -1 0
2 1 1 -1 1 -1 2 1 -4.06059
2 1 1 -1 1 1 0 -1 3.34531
2 1 1 -1 1 1 0 1 0
2 1 1 -1 1 1 1 -1 3.76459
2 1 1 -1 1 1 1 1 0
2 1 1 -1 1 1 2 -1 4.06059
2 1 1 -1 1 1 2 1 0
2 1 1 -1 2 -1 0 -1 0
2 1 1 -1 2 -1 0 1 -2.92994
2 1 1 -1 2 -1 1 -1 0
2 1 1 -1 2 -1 1 1 -4.06059
2 1 1 -1 2 -1 2 -1 0
2 1 1 -1 2 -1 2 1 -2.92276
2 1 1 -1 2 1 0 -1 2.92994
2 1 1 -1 2 1 0 1 0
2 1 1 -1 2 1 1 -1 4.06059
2 1 1 -1 2 1 1 1 0
2 1 1 -1 2 1 2 -1 2.92276
2 1 1 -1 2 1 2 1 0
2 1 1 1 0 -1 0 -1 0
2 1 1 1 0 -1 0 1 0
2 1 1 1 0 -1 1 -1 0
2 1 1 1 0 -1 1 1 0
2 1 1 1 0 -1 2 -1 0
2 1 1 1 0 -1 2 1 0
2 1 1 1 0 1 0 -1 0
2 1 1 1 0 1 0 1 0
2 1 1 1 0 1 1 -1 0
2 1 1 1 0 1 1 1 0
2 1 1 1 0 1 2 -1 0
2 1 1 1 0 1 2 1 0
2 1 1 1 1 -1 0 -1 0
2 1 1 1 1 -1 0 1 0
2 1 1 1 1 -1 1 -1 0
2 1 1 1 1 -1 1 1 0
2 1 1 1 1 -1 2 -1 0
2 1 1 1 1 -1 2 1 0
2 1 1 1 1 1 0 -1 0
2 1 1 1 1 1 0 1 0
2 1 1 1 1 1 1 -1 0
2 1 1 1 1 1 1 1 0
2 1 1 1 1 1 2 -1 0
2 1 1 1 1 1 2 1 0
2 1 1 1 2 -1 0 -1 0
2 1 1 1 2 -1 0 1 0
2 1 1 1 2 -1 1 -1 0
2 1 1 1 2 -1 1 1 0
2 1 1 1 2 -1 2 -1 0
2 1 1 1 2 -1 2 1 0
2 1 1 1 2 1 0 -1 0
2 1 1 1 2 1 0 1 0
2 1 1 1 2 1 1 -1 0
2 1 1 1 2 1 1 1 0
2 1 1 1 2 1 2 -1 0
2 1 1 1 2 1 2 1 0
2 1 2 -1 0 -1 0 -1 0
2 1 2 -1 0 -1 0 1 -3.15965
2 1 2 -1 0 -1 1 -1 0
2 1 2 -1 0 -1 1 1 -2.49034
2 1 2 -1 0 -1 2 -1 0
2 1 2 -1 0 -1 2 1 -2.25633
2 1 2 -1 0 1 0 -1 3.15965
2 1 2 -1 0 1 0 1 0
2 1 2 -1 0 1 1 -1 2.49034
2 1 2 -1 0 1 1 1 0
2 1 2 -1 0 1 2 -1 2.25633
2 1 2 -1 0 1 2 1 0
2 1 2 -1 1 -1 0 -1 0
2 1 2 -1 1 -1 0 1 -2.49034
2 1 2 -1 1 -1 1 -1 0
2 1 2 -1 1 -1 1 1 -3.54664
2 1 2 -1 1 -1 2 -1 0
2 1 2 -1 1 -1 2 1 -2.92276
2 1 2 -1 1 1 0 -1 2.49034
2 1 2 -1 1 1 0 1 0
2 1 2 -1 1 1 1 -1 3.54664
2 1 2 -1 1 1 1 1 0
2 1 2 -1 1 1 2 -1 2.92276
2 1 2 -1 1 1 2 1 0
2 1 2 -1 2 -1 0 -1 0
2 1 2 -1 2 -1 0 1 -2.25633
2 1 2 -1 2 -1 1 -1 0
2 1 2 -1 2 -1 1 1 -2.92276
2 1 2 -1 2 -1 2 -1 0
2 1 2 -1 2 -1 2 1 -3.89111
2 1 2 -1 2 1 0 -1 2.25633
2 1 2 -1 2 1 0 1 0
2 1 2 -1 2 1 1 -1 2.92276
2 1 2 -1 2 1 1 1 0
2 1 2 -1 2 1 2 -1 3.89111
2 1 2 -1 2 1 2 1 0
2 1 2 1 0 -1 0 -1 0
2 1 2 1 0 -1 0 1 0
2 1 2 1 0 -1 1 -1 0
2 1 2 1 0 -1 1 1 0
2 1 2 1 0 -1 2 -1 0
2 1 2 1 0 -1 2 1 0
2 1 2 1 0 1 0 -1 0
2 1 2 1 0 1 0 1 0
2 1 2 1 0 1 1 -1 0
2 1 2 1 0 1 1 1 0
2 1 2 1 0 1 2 -1 0
2 1 2 1 0 1 2 1 0
2 1 2 1 1 -1 0 -1 0
2 1 2 1 1 -1 0 1 0
2 1 2 1 1 -1 1 -1 0
2 1 2 1 1 -1 1 1 0
2 1 2 1 1 -1 2 -1 0
2 1 2 1 1 -1 2 1 0
2 1 2 1 1 1 0 -1 0
2 1 2 1 1 1 0 1 0
2 1 2 1 1 1 1 -1 0
2 1 2 1 1 1 1 1 0
2 1 2 1 1 1 2 -1 0
2 1 2 1 1 1 2 1 0
2 1 2 1 2 -1 0 -1 0
2 1 2 1 2 -1 0 1 0
2 1 2 1 2 -1 1 -1 0
2 1 2 1 2 -1 1 1 0
2 1 2 1 2 -1 2 -1 0
2 1 2 1 2 -1 2 1 0
2 1 2 1 2 1 0 -1 0
2 1 2 1 2 1 0 1 0
2 1 2 1 2 1 1 -1 0
2 1 2 1 2 1 1 1 0
2 1 2 1 2 1 2 -1 0
2 1 2 1 2 1 2 1 0
