0 	 9.51515
0.01 	 9.46511
0.02 	 9.31596
0.03 	 9.07051
0.04 	 8.73338
0.05 	 8.31093
0.06 	 7.81104
0.07 	 7.24301
0.08 	 6.61729
0.09 	 5.9453
0.1 	 5.23913
0.11 	 4.51133
0.12 	 3.77457
0.13 	 3.04142
0.14 	 2.32408
0.15 	 1.63409
0.16 	 0.982114
0.17 	 0.377749
0.18 	 -0.170692
0.19 	 -0.656316
0.2 	 -1.07376
0.21 	 -1.41929
0.22 	 -1.6908
0.23 	 -1.88785
0.24 	 -2.01162
0.25 	 -2.0648
0.26 	 -2.05151
0.27 	 -1.97716
0.28 	 -1.84825
0.29 	 -1.67221
0.3 	 -1.45717
0.31 	 -1.21177
0.32 	 -0.944889
0.33 	 -0.665452
0.34 	 -0.382208
0.35 	 -0.103516
0.36 	 0.162846
0.37 	 0.40985
0.38 	 0.631364
0.39 	 0.822272
0.4 	 0.978561
0.41 	 1.09738
0.42 	 1.17707
0.43 	 1.21714
0.44 	 1.21824
0.45 	 1.18213
0.46 	 1.11151
0.47 	 1.00997
0.48 	 0.881849
0.49 	 0.732045
0.5 	 0.565897
0.51 	 0.388999
0.52 	 0.207038
0.53 	 0.0256278
0.54 	 -0.149845
0.55 	 -0.314369
0.56 	 -0.463435
0.57 	 -0.593149
0.58 	 -0.70032
0.59 	 -0.782529
0.6 	 -0.838173
0.61 	 -0.866481
0.62 	 -0.867513
0.63 	 -0.842127
0.64 	 -0.791932
0.65 	 -0.719214
0.66 	 -0.626852
0.67 	 -0.518213
0.68 	 -0.397041
0.69 	 -0.267338
0.7 	 -0.133234
0.71 	 0.00113075
0.72 	 0.131729
0.73 	 0.254762
0.74 	 0.366763
0.75 	 0.464688
0.76 	 0.545994
0.77 	 0.608699
0.78 	 0.651426
0.79 	 0.673423
0.8 	 0.674572
0.81 	 0.655373
0.82 	 0.616915
0.83 	 0.560827
0.84 	 0.489217
0.85 	 0.404597
0.86 	 0.309801
0.87 	 0.207893
0.88 	 0.102071
0.89 	 -0.00443093
0.9 	 -0.108434
0.91 	 -0.206909
0.92 	 -0.297064
0.93 	 -0.376415
0.94 	 -0.442853
0.95 	 -0.494699
0.96 	 -0.530739
0.97 	 -0.550252
0.98 	 -0.553017
0.99 	 -0.53931
1 	 -0.509883
1.01 	 -0.465931
1.02 	 -0.409049
1.03 	 -0.341175
1.04 	 -0.264528
1.05 	 -0.181533
1.06 	 -0.0947524
1.07 	 -0.00680257
1.08 	 0.0797192
1.09 	 0.162311
1.1 	 0.238637
1.11 	 0.30659
1.12 	 0.36435
1.13 	 0.410427
1.14 	 0.443701
1.15 	 0.463444
1.16 	 0.469334
1.17 	 0.461454
1.18 	 0.440285
1.19 	 0.406679
1.2 	 0.361831
1.21 	 0.307238
1.22 	 0.244646
1.23 	 0.175998
1.24 	 0.103375
1.25 	 0.0289329
1.26 	 -0.0451615
1.27 	 -0.116791
1.28 	 -0.183946
1.29 	 -0.244785
1.3 	 -0.297676
1.31 	 -0.341245
1.32 	 -0.374405
1.33 	 -0.396386
1.34 	 -0.406748
1.35 	 -0.405386
1.36 	 -0.392528
1.37 	 -0.368725
1.38 	 -0.334824
1.39 	 -0.291941
1.4 	 -0.241427
1.41 	 -0.184821
1.42 	 -0.12381
1.43 	 -0.0601711
1.44 	 0.00427305
1.45 	 0.067709
1.46 	 0.128382
1.47 	 0.184644
1.48 	 0.234998
1.49 	 0.278133
1.5 	 0.312962
1.51 	 0.338646
1.52 	 0.35461
1.53 	 0.360558
1.54 	 0.356475
1.55 	 0.342618
1.56 	 0.319513
1.57 	 0.287926
1.58 	 0.248844
1.59 	 0.203442
1.6 	 0.15305
1.61 	 0.0991094
1.62 	 0.0431365
1.63 	 -0.0133221
1.64 	 -0.0687313
1.65 	 -0.121609
1.66 	 -0.170564
1.67 	 -0.214334
1.68 	 -0.251814
1.69 	 -0.282087
1.7 	 -0.30444
1.71 	 -0.318387
1.72 	 -0.323668
1.73 	 -0.320262
1.74 	 -0.308378
1.75 	 -0.288443
1.76 	 -0.261094
1.77 	 -0.227152
1.78 	 -0.187599
1.79 	 -0.143549
1.8 	 -0.0962172
1.81 	 -0.0468859
1.82 	 0.00313004
1.83 	 0.0525182
1.84 	 0.100002
1.85 	 0.144375
1.86 	 0.184528
1.87 	 0.219478
1.88 	 0.248392
1.89 	 0.270603
1.9 	 0.285629
1.91 	 0.293175
1.92 	 0.293146
1.93 	 0.285637
1.94 	 0.270935
1.95 	 0.249504
1.96 	 0.221971
1.97 	 0.189108
1.98 	 0.151809
1.99 	 0.111068
2 	 0.0679467
2.01 	 0.0235543
2.02 	 -0.020987
2.03 	 -0.0645674
2.04 	 -0.106118
2.05 	 -0.144635
2.06 	 -0.179205
2.07 	 -0.209026
2.08 	 -0.233425
2.09 	 -0.251868
2.1 	 -0.26398
2.11 	 -0.269542
2.12 	 -0.268499
2.13 	 -0.260955
2.14 	 -0.247173
2.15 	 -0.227559
2.16 	 -0.202655
2.17 	 -0.173121
2.18 	 -0.139719
2.19 	 -0.103292
2.2 	 -0.0647393
2.21 	 -0.025001
2.22 	 0.0149705
2.23 	 0.0542313
2.24 	 0.0918681
2.25 	 0.127019
2.26 	 0.158893
2.27 	 0.186789
2.28 	 0.210104
2.29 	 0.228356
2.3 	 0.241182
2.31 	 0.248352
2.32 	 0.249768
2.33 	 0.245467
2.34 	 0.235612
2.35 	 0.220492
2.36 	 0.200513
2.37 	 0.176179
2.38 	 0.148091
2.39 	 0.116919
2.4 	 0.0833971
2.41 	 0.048297
2.42 	 0.0124157
2.43 	 -0.0234451
2.44 	 -0.0584961
2.45 	 -0.0919779
2.46 	 -0.123177
2.47 	 -0.151439
2.48 	 -0.176186
2.49 	 -0.196924
2.5 	 -0.213251
2.51 	 -0.224869
2.52 	 -0.231583
2.53 	 -0.233308
2.54 	 -0.230064
2.55 	 -0.221979
2.56 	 -0.209278
2.57 	 -0.192282
2.58 	 -0.171396
2.59 	 -0.147101
2.6 	 -0.119939
2.61 	 -0.0905068
2.62 	 -0.0594353
2.63 	 -0.0273811
2.64 	 0.0049899
2.65 	 0.0370156
2.66 	 0.0680512
2.67 	 0.0974822
2.68 	 0.124736
2.69 	 0.149293
2.7 	 0.170695
2.71 	 0.188555
2.72 	 0.202561
2.73 	 0.212483
2.74 	 0.218174
2.75 	 0.219572
2.76 	 0.216701
2.77 	 0.209666
2.78 	 0.198651
2.79 	 0.183914
2.8 	 0.165779
2.81 	 0.14463
2.82 	 0.120901
2.83 	 0.0950697
2.84 	 0.0676426
2.85 	 0.0391494
2.86 	 0.0101304
2.87 	 -0.0188735
2.88 	 -0.0473304
2.89 	 -0.0747277
2.9 	 -0.10058
2.91 	 -0.12444
2.92 	 -0.145901
2.93 	 -0.164609
2.94 	 -0.180264
2.95 	 -0.192625
2.96 	 -0.201514
2.97 	 -0.206818
2.98 	 -0.208487
2.99 	 -0.206536
3 	 -0.201043
3.01 	 -0.192146
3.02 	 -0.180036
3.03 	 -0.164958
3.04 	 -0.147202
3.05 	 -0.1271
3.06 	 -0.105014
3.07 	 -0.081334
3.08 	 -0.0564702
3.09 	 -0.0308439
3.1 	 -0.00488128
3.11 	 0.0209936
3.12 	 0.0463661
3.13 	 0.0708372
3.14 	 0.0940299
3.15 	 0.115594
3.16 	 0.135213
3.17 	 0.152606
3.18 	 0.167531
3.19 	 0.17979
3.2 	 0.189232
3.21 	 0.195748
3.22 	 0.199278
3.23 	 0.199808
3.24 	 0.197369
3.25 	 0.192036
3.26 	 0.183924
3.27 	 0.173189
3.28 	 0.16002
3.29 	 0.144639
3.3 	 0.127293
3.31 	 0.108255
3.32 	 0.087815
3.33 	 0.0662759
3.34 	 0.0439507
3.35 	 0.0211566
3.36 	 -0.00178977
3.37 	 -0.0245762
3.38 	 -0.0468995
3.39 	 -0.0684694
3.4 	 -0.0890117
3.41 	 -0.108272
3.42 	 -0.126019
3.43 	 -0.142045
3.44 	 -0.156171
3.45 	 -0.168245
3.46 	 -0.178145
3.47 	 -0.18578
3.48 	 -0.191088
3.49 	 -0.19404
3.5 	 -0.194633
3.51 	 -0.192897
3.52 	 -0.188886
3.53 	 -0.182682
3.54 	 -0.174391
3.55 	 -0.164139
3.56 	 -0.152075
3.57 	 -0.138363
3.58 	 -0.123182
3.59 	 -0.106724
3.6 	 -0.0891894
3.61 	 -0.0707865
3.62 	 -0.0517268
3.63 	 -0.0322238
3.64 	 -0.0124898
3.65 	 0.00726581
3.66 	 0.0268394
3.67 	 0.0460348
3.68 	 0.0646653
3.69 	 0.0825551
3.7 	 0.0995413
3.71 	 0.115474
3.72 	 0.13022
3.73 	 0.14366
3.74 	 0.15569
3.75 	 0.166227
3.76 	 0.1752
3.77 	 0.182557
3.78 	 0.188264
3.79 	 0.192302
3.8 	 0.194667
3.81 	 0.19537
3.82 	 0.19444
3.83 	 0.191915
3.84 	 0.187848
3.85 	 0.182303
3.86 	 0.175354
3.87 	 0.167084
3.88 	 0.157585
3.89 	 0.146955
3.9 	 0.135296
3.91 	 0.122717
3.92 	 0.109328
3.93 	 0.0952435
3.94 	 0.0805757
3.95 	 0.0654387
3.96 	 0.0499449
3.97 	 0.0342047
3.98 	 0.0183256
3.99 	 0.00241154
4 	 -0.013438
4.01 	 -0.0291285
4.02 	 -0.0445708
4.03 	 -0.0596815
4.04 	 -0.0743836
4.05 	 -0.0886066
4.06 	 -0.102287
4.07 	 -0.115367
4.08 	 -0.127797
4.09 	 -0.139533
4.1 	 -0.15054
4.11 	 -0.160788
4.12 	 -0.170253
4.13 	 -0.178918
4.14 	 -0.186773
4.15 	 -0.193812
4.16 	 -0.200036
4.17 	 -0.20545
4.18 	 -0.210064
4.19 	 -0.213893
4.2 	 -0.216955
4.21 	 -0.219271
4.22 	 -0.220868
4.23 	 -0.221774
4.24 	 -0.222017
4.25 	 -0.221632
4.26 	 -0.220651
4.27 	 -0.219111
4.28 	 -0.217048
4.29 	 -0.214498
4.3 	 -0.211499
4.31 	 -0.208089
4.32 	 -0.204305
4.33 	 -0.200183
4.34 	 -0.195761
4.35 	 -0.191073
4.36 	 -0.186154
4.37 	 -0.181037
4.38 	 -0.175755
4.39 	 -0.170338
4.4 	 -0.164816
4.41 	 -0.159216
4.42 	 -0.153565
4.43 	 -0.147886
4.44 	 -0.142204
4.45 	 -0.136539
4.46 	 -0.13091
4.47 	 -0.125336
4.48 	 -0.119833
4.49 	 -0.114416
4.5 	 -0.109098
4.51 	 -0.10389
4.52 	 -0.0988027
4.53 	 -0.0938454
4.54 	 -0.0890253
4.55 	 -0.0843487
4.56 	 -0.0798209
4.57 	 -0.0754457
4.58 	 -0.0712263
4.59 	 -0.0671647
4.6 	 -0.0632619
4.61 	 -0.0595185
4.62 	 -0.055934
4.63 	 -0.0525072
4.64 	 -0.0492366
4.65 	 -0.0461199
4.66 	 -0.0431545
4.67 	 -0.0403371
4.68 	 -0.0376643
4.69 	 -0.0351324
4.7 	 -0.0327372
4.71 	 -0.0304744
4.72 	 -0.0283397
4.73 	 -0.0263284
4.74 	 -0.0244358
4.75 	 -0.0226572
4.76 	 -0.0209878
4.77 	 -0.0194228
4.78 	 -0.0179576
4.79 	 -0.0165872
4.8 	 -0.0153072
4.81 	 -0.0141129
4.82 	 -0.0129999
4.83 	 -0.0119638
4.84 	 -0.0110003
4.85 	 -0.0101054
4.86 	 -0.00927506
4.87 	 -0.00850543
4.88 	 -0.00779283
4.89 	 -0.00713374
4.9 	 -0.00652475
4.91 	 -0.00596264
4.92 	 -0.00544431
4.93 	 -0.00496684
4.94 	 -0.00452744
4.95 	 -0.00412347
4.96 	 -0.00375242
4.97 	 -0.00341195
4.98 	 -0.00309983
4.99 	 -0.00281396
5 	 -0.00255239
5.01 	 -0.00231327
5.02 	 -0.00209488
5.03 	 -0.00189559
5.04 	 -0.0017139
5.05 	 -0.00154841
5.06 	 -0.0013978
5.07 	 -0.00126086
5.08 	 -0.00113645
5.09 	 -0.00102353
5.1 	 -0.000921116
5.11 	 -0.00082832
5.12 	 -0.000744307
5.13 	 -0.000668309
5.14 	 -0.00059962
5.15 	 -0.000537587
5.16 	 -0.000481613
5.17 	 -0.000431146
5.18 	 -0.000385683
5.19 	 -0.00034476
5.2 	 -0.000307953
5.21 	 -0.000274876
5.22 	 -0.000245173
5.23 	 -0.000218521
5.24 	 -0.000194627
5.25 	 -0.000173221
5.26 	 -0.000154059
5.27 	 -0.000136919
5.28 	 -0.0001216
5.29 	 -0.000107919
5.3 	 -9.57098e-05
5.31 	 -8.48223e-05
5.32 	 -7.51208e-05
5.33 	 -6.64827e-05
5.34 	 -5.87972e-05
5.35 	 -5.19642e-05
5.36 	 -4.58937e-05
5.37 	 -4.05046e-05
5.38 	 -3.57239e-05
5.39 	 -3.1486e-05
5.4 	 -2.7732e-05
5.41 	 -2.44091e-05
5.42 	 -2.14698e-05
5.43 	 -1.88719e-05
5.44 	 -1.65771e-05
5.45 	 -1.45517e-05
5.46 	 -1.27653e-05
5.47 	 -1.11907e-05
5.48 	 -9.80392e-06
5.49 	 -8.5833e-06
5.5 	 -7.50971e-06
5.51 	 -6.5661e-06
5.52 	 -5.73731e-06
5.53 	 -5.00987e-06
5.54 	 -4.37182e-06
5.55 	 -3.81256e-06
5.56 	 -3.3227e-06
5.57 	 -2.89391e-06
5.58 	 -2.51884e-06
5.59 	 -2.19098e-06
5.6 	 -1.90458e-06
5.61 	 -1.65456e-06
5.62 	 -1.43645e-06
5.63 	 -1.2463e-06
5.64 	 -1.08064e-06
5.65 	 -9.36404e-07
5.66 	 -8.10913e-07
5.67 	 -7.018e-07
5.68 	 -6.06988e-07
5.69 	 -5.24658e-07
5.7 	 -4.53213e-07
5.71 	 -3.91254e-07
5.72 	 -3.37556e-07
5.73 	 -2.91048e-07
5.74 	 -2.50793e-07
5.75 	 -2.15973e-07
5.76 	 -1.85873e-07
5.77 	 -1.59871e-07
5.78 	 -1.37422e-07
5.79 	 -1.18053e-07
5.8 	 -1.01352e-07
5.81 	 -8.69618e-08
5.82 	 -7.45692e-08
5.83 	 -6.39041e-08
5.84 	 -5.47313e-08
5.85 	 -4.6847e-08
5.86 	 -4.00744e-08
5.87 	 -3.42604e-08
5.88 	 -2.92724e-08
5.89 	 -2.49956e-08
5.9 	 -2.13311e-08
5.91 	 -1.81929e-08
5.92 	 -1.55073e-08
5.93 	 -1.32102e-08
5.94 	 -1.12468e-08
5.95 	 -9.56959e-09
5.96 	 -8.13769e-09
5.97 	 -6.91598e-09
5.98 	 -5.87425e-09
5.99 	 -4.98651e-09
6 	 -4.23046e-09
6.01 	 -3.58695e-09
6.02 	 -3.03956e-09
6.03 	 -2.57421e-09
6.04 	 -2.17884e-09
6.05 	 -1.84313e-09
6.06 	 -1.55824e-09
6.07 	 -1.31663e-09
6.08 	 -1.11184e-09
6.09 	 -9.38368e-10
6.1 	 -7.91505e-10
6.11 	 -6.67246e-10
6.12 	 -5.62173e-10
6.13 	 -4.73376e-10
6.14 	 -3.98378e-10
6.15 	 -3.35071e-10
6.16 	 -2.81665e-10
6.17 	 -2.36637e-10
6.18 	 -1.98694e-10
6.19 	 -1.66741e-10
6.2 	 -1.39848e-10
6.21 	 -1.17226e-10
6.22 	 -9.82087e-11
6.23 	 -8.223e-11
6.24 	 -6.88126e-11
6.25 	 -5.75522e-11
6.26 	 -4.81076e-11
6.27 	 -4.01904e-11
6.28 	 -3.35575e-11
6.29 	 -2.80037e-11
6.3 	 -2.33561e-11
6.31 	 -1.9469e-11
6.32 	 -1.62198e-11
6.33 	 -1.35054e-11
6.34 	 -1.12391e-11
6.35 	 -9.34792e-12
6.36 	 -7.77068e-12
6.37 	 -6.45601e-12
6.38 	 -5.36082e-12
6.39 	 -4.44897e-12
6.4 	 -3.6902e-12
6.41 	 -3.05917e-12
6.42 	 -2.53466e-12
6.43 	 -2.09893e-12
6.44 	 -1.73716e-12
6.45 	 -1.43697e-12
6.46 	 -1.188e-12
6.47 	 -9.81638e-13
6.48 	 -8.10682e-13
6.49 	 -6.69136e-13
6.5 	 -5.52006e-13
6.51 	 -4.55133e-13
6.52 	 -3.75059e-13
6.53 	 -3.08906e-13
6.54 	 -2.54284e-13
6.55 	 -2.09208e-13
6.56 	 -1.72031e-13
6.57 	 -1.41384e-13
6.58 	 -1.16135e-13
6.59 	 -9.53435e-14
6.6 	 -7.82327e-14
6.61 	 -6.41585e-14
6.62 	 -5.25883e-14
6.63 	 -4.30817e-14
6.64 	 -3.52748e-14
6.65 	 -2.88674e-14
6.66 	 -2.36112e-14
6.67 	 -1.93019e-14
6.68 	 -1.57708e-14
6.69 	 -1.28788e-14
6.7 	 -1.05116e-14
6.71 	 -8.57496e-15
6.72 	 -6.99145e-15
6.73 	 -5.69736e-15
6.74 	 -4.64037e-15
6.75 	 -3.77749e-15
6.76 	 -3.07345e-15
6.77 	 -2.49931e-15
6.78 	 -2.03137e-15
6.79 	 -1.65017e-15
6.8 	 -1.33981e-15
6.81 	 -1.08725e-15
6.82 	 -8.81843e-16
6.83 	 -7.14869e-16
6.84 	 -5.79209e-16
6.85 	 -4.69049e-16
6.86 	 -3.79644e-16
6.87 	 -3.0712e-16
6.88 	 -2.48323e-16
6.89 	 -2.00678e-16
6.9 	 -1.6209e-16
6.91 	 -1.30855e-16
6.92 	 -1.05585e-16
6.93 	 -8.51503e-17
6.94 	 -6.86354e-17
6.95 	 -5.52951e-17
6.96 	 -4.45248e-17
6.97 	 -3.58339e-17
6.98 	 -2.88246e-17
6.99 	 -2.31745e-17
7 	 -1.86223e-17
7.01 	 -1.49567e-17
7.02 	 -1.20065e-17
7.03 	 -9.63327e-18
7.04 	 -7.72521e-18
7.05 	 -6.19191e-18
7.06 	 -4.96042e-18
7.07 	 -3.97183e-18
7.08 	 -3.17865e-18
7.09 	 -2.54257e-18
7.1 	 -2.03275e-18
7.11 	 -1.62433e-18
7.12 	 -1.29731e-18
7.13 	 -1.0356e-18
7.14 	 -8.26274e-19
7.15 	 -6.58923e-19
7.16 	 -5.25202e-19
7.17 	 -4.18406e-19
7.18 	 -3.33159e-19
7.19 	 -2.65146e-19
7.2 	 -2.10912e-19
7.21 	 -1.67687e-19
7.22 	 -1.33253e-19
7.23 	 -1.05837e-19
7.24 	 -8.40196e-20
7.25 	 -6.66661e-20
7.26 	 -5.28704e-20
7.27 	 -4.19085e-20
7.28 	 -3.32028e-20
7.29 	 -2.62924e-20
7.3 	 -2.08098e-20
7.31 	 -1.64623e-20
7.32 	 -1.30165e-20
7.33 	 -1.02869e-20
7.34 	 -8.12562e-21
7.35 	 -6.41524e-21
7.36 	 -5.06236e-21
7.37 	 -3.9928e-21
7.38 	 -3.14765e-21
7.39 	 -2.48016e-21
7.4 	 -1.95325e-21
7.41 	 -1.53752e-21
7.42 	 -1.20967e-21
7.43 	 -9.51264e-22
7.44 	 -7.47686e-22
7.45 	 -5.87385e-22
7.46 	 -4.61224e-22
7.47 	 -3.61982e-22
7.48 	 -2.83954e-22
7.49 	 -2.22636e-22
7.5 	 -1.74473e-22
7.51 	 -1.36662e-22
7.52 	 -1.06992e-22
7.53 	 -8.37231e-23
7.54 	 -6.54824e-23
7.55 	 -5.11907e-23
7.56 	 -3.99985e-23
7.57 	 -3.12381e-23
7.58 	 -2.43844e-23
7.59 	 -1.90251e-23
7.6 	 -1.48365e-23
7.61 	 -1.15643e-23
7.62 	 -9.00946e-24
7.63 	 -7.01561e-24
7.64 	 -5.46034e-24
7.65 	 -4.24779e-24
7.66 	 -3.30289e-24
7.67 	 -2.56693e-24
7.68 	 -1.99399e-24
7.69 	 -1.54817e-24
7.7 	 -1.20145e-24
7.71 	 -9.31927e-25
7.72 	 -7.22514e-25
7.73 	 -5.59887e-25
7.74 	 -4.33654e-25
7.75 	 -3.3572e-25
7.76 	 -2.59776e-25
7.77 	 -2.00915e-25
7.78 	 -1.55315e-25
7.79 	 -1.20007e-25
7.8 	 -9.26809e-26
7.81 	 -7.15424e-26
7.82 	 -5.51985e-26
7.83 	 -4.25678e-26
7.84 	 -3.28115e-26
7.85 	 -2.52792e-26
7.86 	 -1.94666e-26
7.87 	 -1.49833e-26
7.88 	 -1.1527e-26
7.89 	 -8.86373e-27
7.9 	 -6.81253e-27
7.91 	 -5.23349e-27
7.92 	 -4.01853e-27
7.93 	 -3.08414e-27
7.94 	 -2.36588e-27
7.95 	 -1.81402e-27
7.96 	 -1.39023e-27
7.97 	 -1.06493e-27
7.98 	 -8.15357e-28
7.99 	 -6.23976e-28
8 	 -4.77288e-28
8.01 	 -3.6491e-28
8.02 	 -2.78858e-28
8.03 	 -2.12997e-28
8.04 	 -1.62614e-28
8.05 	 -1.24089e-28
8.06 	 -9.46464e-29
8.07 	 -7.21552e-29
8.08 	 -5.49825e-29
8.09 	 -4.18769e-29
8.1 	 -3.188e-29
8.11 	 -2.42581e-29
8.12 	 -1.84496e-29
8.13 	 -1.40253e-29
8.14 	 -1.0657e-29
8.15 	 -8.09369e-30
8.16 	 -6.14405e-30
8.17 	 -4.66184e-30
8.18 	 -3.53552e-30
8.19 	 -2.68006e-30
8.2 	 -2.03063e-30
8.21 	 -1.53784e-30
8.22 	 -1.16409e-30
8.23 	 -8.80761e-31
8.24 	 -6.66076e-31
8.25 	 -5.03483e-31
8.26 	 -3.804e-31
8.27 	 -2.87271e-31
8.28 	 -2.1684e-31
8.29 	 -1.63599e-31
8.3 	 -1.23373e-31
8.31 	 -9.29936e-32
8.32 	 -7.0062e-32
8.33 	 -5.27604e-32
8.34 	 -3.97127e-32
8.35 	 -2.98777e-32
8.36 	 -2.24678e-32
8.37 	 -1.68877e-32
8.38 	 -1.26875e-32
8.39 	 -9.52754e-33
8.4 	 -7.15122e-33
8.41 	 -5.36508e-33
8.42 	 -4.02318e-33
8.43 	 -3.0155e-33
8.44 	 -2.25915e-33
8.45 	 -1.69172e-33
8.46 	 -1.26622e-33
8.47 	 -9.47301e-34
8.48 	 -7.08375e-34
8.49 	 -5.29463e-34
8.5 	 -3.95554e-34
8.51 	 -2.95374e-34
8.52 	 -2.20464e-34
8.53 	 -1.64475e-34
8.54 	 -1.22648e-34
8.55 	 -9.14155e-35
8.56 	 -6.81046e-35
8.57 	 -5.07143e-35
8.58 	 -3.77471e-35
8.59 	 -2.80824e-35
8.6 	 -2.08825e-35
8.61 	 -1.55214e-35
8.62 	 -1.15312e-35
8.63 	 -8.56289e-36
8.64 	 -6.3557e-36
8.65 	 -4.71525e-36
8.66 	 -3.4966e-36
8.67 	 -2.5917e-36
8.68 	 -1.9201e-36
8.69 	 -1.42187e-36
8.7 	 -1.05244e-36
8.71 	 -7.78631e-37
8.72 	 -5.75793e-37
8.73 	 -4.25598e-37
8.74 	 -3.14437e-37
8.75 	 -2.32202e-37
8.76 	 -1.71395e-37
8.77 	 -1.26453e-37
8.78 	 -9.32528e-38
8.79 	 -6.87375e-38
8.8 	 -5.06436e-38
8.81 	 -3.72954e-38
8.82 	 -2.74528e-38
8.83 	 -2.01985e-38
8.84 	 -1.48542e-38
8.85 	 -1.0919e-38
8.86 	 -8.02256e-39
8.87 	 -5.89176e-39
8.88 	 -4.32492e-39
8.89 	 -3.1733e-39
8.9 	 -2.32726e-39
8.91 	 -1.706e-39
8.92 	 -1.25001e-39
8.93 	 -9.15483e-40
8.94 	 -6.70173e-40
8.95 	 -4.90371e-40
8.96 	 -3.58644e-40
8.97 	 -2.62182e-40
8.98 	 -1.91577e-40
8.99 	 -1.39922e-40
9 	 -1.02148e-40
9.01 	 -7.45373e-41
9.02 	 -5.43651e-41
9.03 	 -3.9634e-41
9.04 	 -2.88813e-41
9.05 	 -2.10362e-41
9.06 	 -1.53151e-41
9.07 	 -1.11448e-41
9.08 	 -8.10643e-42
9.09 	 -5.89369e-42
9.1 	 -4.28299e-42
9.11 	 -3.11106e-42
9.12 	 -2.25877e-42
9.13 	 -1.63923e-42
9.14 	 -1.18907e-42
9.15 	 -8.62139e-43
9.16 	 -6.24813e-43
9.17 	 -4.52611e-43
9.18 	 -3.2772e-43
9.19 	 -2.37183e-43
9.2 	 -1.7158e-43
9.21 	 -1.24066e-43
9.22 	 -8.96684e-44
9.23 	 -6.47784e-44
9.24 	 -4.67761e-44
9.25 	 -3.37614e-44
9.26 	 -2.43568e-44
9.27 	 -1.7564e-44
9.28 	 -1.26598e-44
9.29 	 -9.12088e-45
9.3 	 -6.56824e-45
9.31 	 -4.72785e-45
9.32 	 -3.40159e-45
9.33 	 -2.44627e-45
9.34 	 -1.75845e-45
9.35 	 -1.26345e-45
9.36 	 -9.07383e-46
9.37 	 -6.51369e-46
9.38 	 -4.67376e-46
9.39 	 -3.35205e-46
9.4 	 -2.40302e-46
9.41 	 -1.7219e-46
9.42 	 -1.23328e-46
9.43 	 -8.82921e-47
9.44 	 -6.31807e-47
9.45 	 -4.5191e-47
9.46 	 -3.23089e-47
9.47 	 -2.30886e-47
9.48 	 -1.64922e-47
9.49 	 -1.1775e-47
9.5 	 -8.40329e-48
9.51 	 -5.99435e-48
9.52 	 -4.27404e-48
9.53 	 -3.04607e-48
9.54 	 -2.16993e-48
9.55 	 -1.5451e-48
9.56 	 -1.0997e-48
9.57 	 -7.82335e-49
9.58 	 -5.56311e-49
9.59 	 -3.9541e-49
9.6 	 -2.8092e-49
9.61 	 -1.9949e-49
9.62 	 -1.41601e-49
9.63 	 -1.00465e-49
9.64 	 -7.12477e-50
9.65 	 -5.05046e-50
9.66 	 -3.57846e-50
9.67 	 -2.53435e-50
9.68 	 -1.79408e-50
9.69 	 -1.26947e-50
9.7 	 -8.97863e-51
9.71 	 -6.34749e-51
9.72 	 -4.48538e-51
9.73 	 -3.16813e-51
9.74 	 -2.23672e-51
9.75 	 -1.57843e-51
9.76 	 -1.11339e-51
9.77 	 -7.85003e-52
9.78 	 -5.53227e-52
9.79 	 -3.89709e-52
9.8 	 -2.744e-52
9.81 	 -1.93123e-52
9.82 	 -1.35859e-52
9.83 	 -9.55324e-53
9.84 	 -6.71457e-53
9.85 	 -4.71728e-53
9.86 	 -3.31262e-53
9.87 	 -2.32519e-53
9.88 	 -1.63136e-53
9.89 	 -1.14406e-53
9.9 	 -8.01965e-54
9.91 	 -5.6191e-54
9.92 	 -3.93537e-54
9.93 	 -2.75493e-54
9.94 	 -1.92771e-54
9.95 	 -1.34828e-54
9.96 	 -9.42593e-55
9.97 	 -6.58682e-55
9.98 	 -4.60081e-55
9.99 	 -3.21218e-55
10 	 -2.24167e-55
