       0.02441820159646343
       0.05455943267271529
       0.07963553918231635
       0.09762453340332092
        0.1075833596461049
        0.1096484349727901
        0.1048749335423892
       0.09493868623519477
       0.08178092919450437
       0.06727706960564672
       0.05298963333372026
       0.04003370774069719
       0.02905169615466323
       0.02027150464264657
       0.01361209698834098
      0.008801740176172839
      0.005483260229826436
      0.003292408627244961
      0.001906056358188415
      0.001064190114423649
     0.0005731331380972082
     0.0002977947012720438
     0.0001493000543586719
      7.22316307838858e-05
      3.37248973153678e-05
     1.519675475670562e-05
      6.60907199114991e-06
     2.774112615041403e-06
     1.123826361796458e-06
     4.393969719122747e-07
     1.657994223870611e-07
     6.037499734436683e-08
     2.121555895448929e-08
     7.193587152383851e-09
     2.353402803233626e-09
      7.42794411402511e-10
     2.261624406364527e-10
     6.642107166401157e-11
     1.881374026257255e-11
     5.138957003822526e-12
     1.353469764125487e-12
     3.436651863179925e-13
     8.411475013824949e-14
      1.98422644555666e-14
     4.510474000285386e-15
     9.878500810013213e-16
     2.084109033410585e-16
     4.234767746084682e-17
     8.285797446374525e-18
     1.560798750440605e-18
      2.82993334215902e-19
     4.937731522318361e-20
     8.289004379817881e-21
     1.338439940692588e-21
     2.078314575948079e-22
     3.102630060487294e-23
     4.451860725532702e-24
     6.138023691876302e-25
     8.129604975029788e-26
     1.034042773564917e-26
     1.262716131385018e-27
      1.47991470638279e-28
     1.664149728259296e-29
     1.794854335687776e-30
     1.856088305559861e-31
     1.839700889705338e-32
     1.747094371506576e-33
     1.589066851937912e-34
     1.383742355493675e-35
     1.153135881564734e-36
     9.192570294151959e-38
     7.007088306804889e-39
     5.104920535712163e-40
      3.55296706379362e-41
     2.361225072097698e-42
     1.497661655201619e-43
     9.061474677214376e-45
     5.227137601324805e-46
      2.87323988839495e-47
     1.504102411484958e-48
     7.494219961170201e-50
     3.551859701059741e-51
     1.600268351221537e-52
     6.849436152461568e-54
     2.783227677476067e-55
     1.072927905317993e-56
     3.921071531532421e-58
     1.357450188539226e-59
     4.448235879875497e-61
     1.378615173294874e-62
     4.037590059897974e-64
     1.116459998797735e-65
      2.91211291061868e-67
     7.158190894844556e-69
     1.656521100995793e-70
      3.60528487261839e-72
       7.3716042218797e-74
     1.414407589846826e-75
     2.543699530234589e-77
     4.282536247889536e-79
     6.740948052806612e-81
     9.906951547858145e-83
     1.357515041379753e-84
     1.731774477228002e-86
     2.053546913119958e-88
     2.259825017514477e-90
     2.303856465833661e-92
     2.172003387889735e-94
     1.889999164398512e-96
     1.514901895744326e-98
    1.116106040352018e-100
    7.541316790160796e-103
    4.662022335050724e-105
    2.630198487879326e-107
    1.350586999018872e-109
    6.294109948380946e-112
    2.653991799728021e-114
    1.009262265576283e-116
    3.449326789742774e-119
    1.055523254140344e-121
     2.88045261762562e-124
    6.979672740645177e-127
    1.494730696882899e-129
    2.814809915039454e-132
    4.635642391838602e-135
    6.636663454282754e-138
    8.206017694757332e-141
    8.700570299683595e-144
    7.848230218786044e-147
    5.970617262178464e-150
    3.793900716215412e-153
    1.991950010258109e-156
     8.53743620747104e-160
    2.946324779204269e-163
    8.060587831246333e-167
    1.717208826375351e-170
    2.790435395999803e-174
    3.376181220273163e-178
    2.955915326459386e-182
    1.809802847555936e-186
    7.433520344054957e-191
    1.945438107048224e-195
    3.039195761340137e-200
     2.60310630878904e-205
    1.089888489523491e-210
    1.896705782444977e-216
    1.074786592976421e-222
    1.325298452861476e-229
    1.642505224107305e-237
    2.810411171086155e-247
