      0.002888705186075003
       0.01522044680104538
       0.03740632404872789
       0.06945148308598409
         0.111356843155923
        0.1631229612172918
        0.2247503952922425
        0.2962397722036504
        0.3775918056011185
        0.4688073019829479
        0.5698871630669738
        0.6808323868554573
         0.801644068175368
        0.9323233989871046
         1.072871668586048
         1.223290263749376
         1.383580668858222
         1.553744466007419
         1.733783335109572
         1.923699053998924
         2.123493498534678
         2.333168642710164
         2.552726558763985
         2.782169417295414
         3.021499487384535
         3.270719136717744
         3.529830831718252
         3.798837137681318
         4.077740718915464
         4.366544338887863
         4.665250860376955
         4.973863245628992
         5.292384556520848
         5.620817954727721
         5.959166701897271
         6.307434159828849
         6.665623790658551
          7.03373915704986
         7.411783922389612
         7.799761850990405
         8.197676808298864
         8.605532761108336
         9.023333777778758
         9.451084028461899
         9.888787785332548
         10.33644942282558
           10.794073417879
         11.26166435018254
         11.73922690243336
         12.22676586059679
         12.72428611417284
         13.23179265647011
         13.74929058488527
           14.276785101188
         14.81428151181339
         15.36178522815979
         15.91930176689321
         16.48683675025844
         17.06439590639542
         17.65198506966329
          18.2496101809704
         18.85727728811171
         19.47499254611081
         20.10276221757012
         20.74059267302803
         21.38849039132112
         22.04646195995468
         22.71451407547979
         23.39265354387689
         24.08088728094601
         24.77922231270503
         25.48766577579418
          26.2062249178877
         26.93490709811293
         27.67371978747671
          28.4226705692986
         29.18176713965175
         29.95101730781132
         30.73042899671035
         31.52001024340251
         32.31976919953345
         33.12971413181922
         33.94985342253266
         34.78019556999736
         35.62074918909013
         36.47152301175048
         37.33252588749902
         38.20376678396376
         39.08525478741368
         39.97699910330235
          40.8790090568186
         41.79129409344583
         42.71386377952994
         43.64672780285625
         44.58989597323443
         45.54337822309274
         46.50718460808123
         47.48132530768316
         48.46581062583629
         49.46065099156302
         50.46585695960979
         51.48143921109589
         52.50740855417175
         53.54377592468618
         54.59055238686476
         55.64774913399604
         56.71537748912955
         57.79344890578228
         58.88197496865621
         59.98096739436537
         61.09043803217386
         62.21039886474426
         63.34086200889591
         64.48183971637442
         65.63334437463246
         66.79538850762005
          67.9679847765881
         69.15114598090111
         70.34488505886171
         71.54921508854774
         72.76414928865977
         73.98970101938127
         75.22588378324954
         76.47271122603959
         77.73019713766006
         78.99835545306183
         80.27720025315787
         81.56674576575722
         82.86700636651094
         84.17799657987116
         85.49973108006421
         86.83222469207487
         88.17549239264663
         89.52954931129383
          90.8944107313289
         92.27009209090239
         93.65660898405829
         95.05397716180276
         96.46221253318902
         97.88133116641472
         99.31134928993644
         100.7522832935984
         102.2041497297761
         103.6669653145369
         105.1407469288151
         106.6255116196039
         108.1212766011631
         109.6280592562434
         111.1458771373277
         112.6747479678895
         114.2146896436676
         115.7657202339581
         117.3278579829267
         118.9011213109347
         120.4855288158868
         122.0810992745955
         123.6878516441647
         125.3058050633924
         126.9349788541921
         128.5753925230347
         130.2270657624087
          131.890018452303
          133.564270661707
         135.2498426501336
         136.9467548691629
         138.6550279640065
         140.3746827750945
         142.1057403396827
          143.848221893485
         145.6021488723255
         147.3675429138148
         149.1444258590514
         150.9328197543428
         152.7327468529547
         154.5442296168831
         156.3672907186498
         158.2019530431258
         160.0482396893783
         161.9061739725452
         163.7757794257345
         165.6570798019518
         167.5500990760545
         169.4548614467344
         171.3713913385273
         173.2997134038523
         175.2398525250794
         177.1918338166288
         179.1556826270956
         181.1314245414115
         183.1190853830307
         185.1186912161533
         187.1302683479769
         189.1538433309829
         191.1894429652553
         193.2370943008316
         195.2968246400926
         197.3686615401805
         199.4526328154599
         201.5487665400073
         203.6570910501436
         205.7776349470006
          207.910427099126
         210.0554966451271
         212.2128729963554
         214.3825858396276
         216.5646651399913
         218.7591411435293
         220.9660443802071
         223.1854056667635
         225.4172561096439
         227.6616271079806
         229.9185503566132
          232.188057849161
         234.4701818811376
          236.764955053117
         239.0724102739445
         241.3925807640002
         243.7255000585111
         246.0712020109155
         248.4297207962787
         250.8010909147636
         253.1853471951519
         255.5825247984266
         257.9926592214038
         260.4157863004276
         262.8519422151201
          265.301163492192
         267.7634870093131
         270.2389499990467
         272.7275900528448
          275.229445125108
          277.744553537312
         280.2729539821987
         282.8146855280405
         285.3697876229642
         287.9383000993562
         290.5202631783362
         293.1157174742978
         295.7247039995358
         298.3472641689434
         300.9834398047848
          303.633273141555
         306.2968068309142
         308.9740839467104
         311.6651479900813
         314.3700428946473
         317.0888130317901
         319.8215032160214
         322.5681587104456
         325.3288252323118
          328.103548958667
         330.8923765321017
         333.6953550666013
         336.5125321534921
         339.3439558674975
         342.1896747728987
         345.0497379298014
         347.9241949005175
         350.8130957560567
         353.7164910827375
         356.6344319889113
          359.566970111812
         362.5141576245293
         365.4760472431025
         368.4526922337511
          371.444146420233
         374.4504641913372
         377.4717005085161
         380.5079109136595
         383.5591515370107
         386.6254791052326
         389.7069509496211
         392.8036250144795
         395.9155598656418
         399.0428146991661
           402.18544935019
         405.3435243019533
         408.5171006949981
         411.7062403365418
         414.9110057100374
         418.1314599849152
         421.3676670265134
         424.6196914062106
         427.8875984117543
         431.1714540577888
         434.4713250966026
         437.7872790290826
         441.1193841158919
         444.4677093888732
         447.8323246626807
         451.2133005466521
         454.6107084569209
          458.024620628779
         461.4551101292937
          464.902250870188
         468.3661176209864
         471.8467860224412
         475.3443326002342
         478.8588347789745
         482.3903708964918
         485.9390202184338
         489.5048629531767
         493.0879802670616
         496.6884542999536
         500.3063681811495
          503.941806045623
         507.5948530506373
         511.2655953927205
         514.9541203250171
         518.6605161750316
         522.3848723627632
         526.1272794192654
         529.8878290056042
         533.6666139322735
         537.4637281790349
         541.2792669152304
         545.1133265205563
         548.9660046063304
         552.8374000372467
         556.7276129536556
         560.6367447943597
         564.5648983199656
         568.5121776367841
         572.4786882213126
         576.4645369453116
         580.4698321014895
         584.4946834298178
         588.5392021444967
         592.6035009615896
         596.6876941273414
         600.7918974472186
         604.9162283156712
         609.0608057466574
         613.2257504049416
         617.4111846382037
         621.6172325099764
         625.8440198334305
          630.091674206063
         634.3603250452759
         638.6501036249147
         642.9611431127745
         647.2935786091082
          651.647547186188
         656.0231879289188
         660.4206419765858
         664.8400525657338
         669.2815650742468
         673.7453270666383
         678.2314883406391
         682.7402009750714
         687.2716193791051
         691.8259003429184
          696.403203089811
         701.0036893298384
         705.6275233150101
         710.2748718961063
         714.9459045811859
          719.640793595833
         724.3597139452123
          729.102843478006
         733.8703629522976
         738.6624561034685
         743.4793097142061
         748.3211136866856
         753.1880611170035
         758.0803483719876
         762.9981751684267
         767.9417446548546
         772.9112634959741
         777.9069419598258
         782.9289940078173
         787.9776373877395
         793.0530937298579
         798.1555886462609
         803.2853518335411
         808.4426171790063
         813.6276228705256
         818.8406115101877
         824.0818302319389
         829.3515308233594
         834.6499698517757
         839.9774087948832
         845.3341141760988
         850.7203577048398
         856.1364164219648
         861.5825728506126
         867.0591151526711
         872.5663372911656
         878.1045391988205
         883.6740269531076
         889.2751129580691
          894.908116133268
         900.5733621101899
         906.2711834364775
         912.0019197883867
         917.7659181918582
          923.563533252677
         929.3951273961408
         935.2610711167634
         941.1617432385145
         947.0975311861678
         953.0688312683213
         959.0760489727621
         965.1195992747836
         971.1999069592335
         977.3174069569916
         983.4725446967306
         989.6657764728049
         995.8975698301851
         1002.168403967441
         1008.478770158817
          1014.82917219653
         1021.220126854502
         1027.652164374825
         1034.125828978347
         1040.641679400864
         1047.200289456558
         1053.802248630343
         1060.448162701038
         1067.138654397362
         1073.874364088831
         1080.655950514012
         1087.484091548548
         1094.359485015707
          1101.28284954241
         1108.254925463925
         1115.276475780656
         1122.348287170811
         1129.471171063053
         1136.645964773499
         1143.873532711982
         1151.154767662819
         1158.490592145842
         1165.881959864001
         1173.329857244433
         1180.835305080567
         1188.399360283528
         1196.023117752004
         1203.707712370589
         1211.454321147676
         1219.264165505139
         1227.138513733261
         1235.078683625985
         1243.086045312976
         1251.162024307051
         1259.308104787504
         1267.525833142249
         1275.816821794435
         1284.182753342275
         1292.625385044246
         1301.146553686005
         1309.748180869824
         1318.432278772698
         1327.200956425552
         1336.056426572763
         1345.001013179774
         1354.037159665871
         1363.167437950614
         1372.394558415267
          1381.72138089627
         1391.150926845705
         1400.686392815504
          1410.33116544757
         1420.088838182842
         1429.963229938873
         1439.958406050024
         1450.078701817941
         1460.328749085458
         1470.713506327219
         1481.238292848981
         1491.908827809837
         1502.731274934335
         1513.712293973058
         1524.859100212927
         1536.179533647984
         1547.682139819443
         1559.376264850762
         1571.272167880579
         1583.381154993846
         1595.715739953236
         1608.289838662989
         1621.119006537876
         1634.220731074633
         1647.614796351954
         1661.323742573377
         1675.373453165711
         1689.793916076436
          1704.62022768859
         1719.893942268479
         1735.664926268548
         1751.993972459553
         1768.956598092317
         1786.648766060479
         1805.195889832755
          1824.76780530286
         1845.605479214757
         1868.073359997488
         1892.776643360099
         1920.884510852731
          1955.44146302436
