      0.007210969203897298
       0.03799465331509593
       0.09337884753150137
        0.1733792525471945
        0.2780022877910451
        0.4072547401404516
        0.5611446730467645
        0.7396815982421305
        0.9428765238609638
          1.17074197310046
         1.423291994276934
         1.700542168136525
         2.002509614371212
         2.329212998079909
         2.680672536484535
         3.056910006045987
         3.457948750051803
         3.883813686715893
         4.334531317815877
          4.81012973788511
         5.310638643972472
         5.836089345982774
         6.386514777607885
         6.961949507859948
         7.562429753216358
         8.187993390388794
         8.838679969727247
         9.514530729270287
         10.21558860945527
         10.94189826850073
         11.69350609847469
         12.47046024206389
         13.27281061005803
          14.1006088995658
         14.95390861297852
         15.83276507769933
         16.73723546665559
         17.66737881961395
         18.62325606531773
         19.60493004446763
         20.61246553356729
         21.64592926965725
         22.70538997596019
         23.79091838846299
         24.90258728346195
          26.0404715060976
         27.20464799990843
         28.39519583743294
         29.61219625189132
         30.85573266997907
         32.12589074580688
         33.42275839602247
         34.74642583615086
         36.09698561819306
         37.47453266952273
          38.8791643331242
         40.31098040921582
         41.77008319830517
         43.25657754572521
         44.77057088770147
         46.31217329900452
         47.88149754224291
         49.47865911885435
         51.10377632185806
         52.75697029043025
         54.43836506637091
         56.14808765253208
         57.88626807328117
         59.65303943707595
         61.44853800123342
         63.27290323897613
         65.12627790884578
         67.00880812657769
         68.92064343953419
         70.86193690379983
         72.83284516404659
         74.83352853628411
         76.86415109361337
         78.92488075511007
          81.0158893779705
         83.13735285305931
         85.28945120400505
         87.47236868999948
         89.68629391246299
         91.93141992574634
         94.20794435205369
         96.51606950077272
         98.85600249241843
         101.2279553874012
         103.6321453198426
         106.0687946366818
         108.5381310423179
         111.0403877490584
         113.5758036336547
         116.1446234002217
          118.747097749858
         121.3834835573033
         124.0540440549852
         126.7590490248361
         129.4987749982779
         132.2735054648015
         135.0835310895933
         137.9291499406891
         140.8106677261691
         143.7283980419387
          146.682662630675
         149.6737916525629
         152.7021239684785
         155.7680074363284
         158.8717992212998
         162.0138661208292
         165.1945849051508
         168.4143426743558
         171.6735372329476
         174.9725774829611
          178.311883836788
         181.6918886509284
         185.1130366819985
         188.5757855664021
         192.0806063252018
         195.6279838958342
         199.2184176924478
         202.8524221967832
         206.5305275816697
         210.2532803693868
          214.021244127319
         217.8350002035439
         221.6951485052154
         225.6023083228519
         229.5571192039124
         233.5602418793479
         237.6123592471413
         241.7141774172261
         245.8664268225759
         250.0698634017097
         254.3252698583655
         258.6334570046506
          262.995265194598
         267.4115658557704
          271.883263127301
         276.4112956136787
         280.9966382645146
         285.6403043916765
         290.3433478363773
         295.1068653002395
         299.9319988559199
         304.8199386546849
         309.7719258503762
         314.7892557615141
         319.8732812959589
         325.0254166655745
         330.2471414218363
         335.5400048473197
         340.9056307426386
         346.3457226537444
         351.8620695907123
         357.4565522963364
         363.1311501313233
         368.8879486527014
         374.7291479737158
         380.6570720071562
         386.6741787102817
         392.7830714688308
         398.9865117806249
         405.2874334269487
         411.6889583531989
         418.1944145206764
         424.8073560405488
          431.531585961182
         438.3711821541541
         445.3305268360841
         452.4143403779094
         459.6277201970418
         466.9761857097868
         474.4657305533142
         482.1028835848459
         489.8947805527054
         497.8492488410678
         505.9749083617112
         514.2812925652627
         522.7789947634436
         531.4798466286459
          540.397138072114
         549.5458910098195
         558.9432042948933
         568.6086941091797
         578.5650646478558
         588.8388601672842
         599.4614751769692
         610.4705415770565
         621.9118827650133
         633.8423506789659
         646.3340958894295
         659.4812831369856
         673.4112473253764
         688.3043771556788
         704.4330522841475
          722.248775208782
         742.6220869994189
         767.8146922967129
