      0.001853386794668069
      0.004301042538804277
      0.006720635858455983
      0.009091175867692118
       0.01139535282148831
       0.01361687379788887
       0.01574047730087235
       0.01775208193430153
       0.01963893500528002
       0.02138974306588425
       0.02299477962347644
       0.02444596798164669
       0.02573693817089778
       0.02686305758514044
       0.02782143544709011
       0.02861090186876216
       0.02923196262392461
       0.02968673124373325
       0.02997884041521844
       0.03011333500619079
       0.03009654924799917
       0.02993597088384795
       0.02964009513794765
       0.02921827145889024
       0.02868054597997182
       0.02803750256721876
       0.02730010519053409
       0.02647954417286181
       0.02558708863674932
       0.02463394725959639
       0.02363113906997632
       0.02258937579390731
       0.02151895687797009
        0.0204296780386628
         0.019330753845878
       0.01823075454344486
        0.0171375570392172
       0.01605830972873573
       0.01499941057588063
       0.01396649768362539
       0.01296445141575652
       0.01199740699350992
       0.01106877639652473
       0.01018127833316489
      0.009336975005902068
      0.008537314403456822
      0.007783176866977116
      0.007074924731466193
      0.006412453909249882
      0.005795246365670567
      0.005222422538210512
       0.00469279285152097
      0.004204907599569547
      0.003757104574349394
      0.003347553939971272
      0.002974299958310779
      0.002635299280983707
      0.002328455619068609
        0.0020516506938759
       0.00180277145201831
       0.00157973359906794
      0.001380501566293196
      0.001203105075053448
      0.001045652502888665
     0.0009063412857269454
     0.0007834656113153307
     0.0006754216720887334
      0.000580710751056112
     0.0004979404134184728
     0.0004258240701191029
      0.000363179168875792
     0.0003089242538029721
     0.0002620751175686571
     0.0002217402511987587
     0.0001871157764532466
     0.0001574800250851157
     0.0001321879087333593
     0.0001106652030537461
     9.240285046544891e-05
     7.695136777853746e-05
     6.391542825279666e-05
     5.294867236864339e-05
     4.374878793282517e-05
     3.605288810337169e-05
     2.963320542429248e-05
     2.429311103943563e-05
     1.986346077710665e-05
     1.619926366263695e-05
     1.317666353400164e-05
     1.069022065062383e-05
     8.650477398778268e-06
      6.98179025475189e-06
     5.620408966107043e-06
     4.512783323700854e-06
     3.614077813386039e-06
     2.886874765639615e-06
     2.300047261606156e-06
      1.82778393754317e-06
     1.448748881039815e-06
      1.14536097602088e-06
     9.031782792599217e-07
     7.103742603751357e-07
      5.57293975914569e-07
     4.360794530858893e-07
     3.403547099144451e-07
     2.649619233074975e-07
     2.057412658857588e-07
     1.593478612046004e-07
     1.231001532414813e-07
     9.485475031543429e-08
     7.290348797934801e-08
     5.588906373044613e-08
     4.273613312621151e-08
     3.259522734540769e-08
     2.479726195584891e-08
      1.88167613212486e-08
     1.424222833418147e-08
     1.075235041553268e-08
     8.096955135387589e-09
      6.08181718099014e-09
     4.556577140712395e-09
     3.405165700601458e-09
     2.538237973423962e-09
      1.88721500896752e-09
     1.399605905367635e-09
     1.035346835511343e-09
     7.639448773567247e-10
     5.622566513142833e-10
     4.127660155137111e-10
     3.022528075113554e-10
     2.207669965220306e-10
     1.608405895767128e-10
     1.168840258664703e-10
     8.472526824596355e-11
     6.125891593994026e-11
     4.417987623468153e-11
     3.178182096115285e-11
     2.280512227931412e-11
     1.632246043764588e-11
     1.165302481892127e-11
     8.298350500717045e-12
     5.894475333000204e-12
     4.176370564331126e-12
     2.951573453528552e-12
     2.080698063402686e-12
     1.463071737659629e-12
      1.02617978800272e-12
     7.179310701120343e-13
     5.010068595001503e-13
     3.487437181024236e-13
     2.421425293069594e-13
     1.677018567073188e-13
     1.158529061419847e-13
     7.983225619719681e-14
     5.487220627719064e-14
     3.762089500077399e-14
     2.572815442329661e-14
     1.755056399368383e-14
     1.194198638490355e-14
     8.105227893623218e-15
     5.487280505751029e-15
     3.705548219968728e-15
     2.496038339877665e-15
     1.677079324309069e-15
     1.123982677048794e-15
     7.513968620389076e-16
     5.010521891465685e-16
      3.33273249596334e-16
     2.211168948906791e-16
     1.463347419608188e-16
     9.659998943657029e-17
     6.360787503730098e-17
     4.177812346616235e-17
     2.737103742923512e-17
     1.788701727680003e-17
     1.165974305219265e-17
     7.581313616213041e-18
     4.917047620557097e-18
     3.181038111817084e-18
     2.052758551861043e-18
     1.321330432716508e-18
     8.483783993250875e-19
     5.433408876634374e-19
     3.471041573058211e-19
     2.211830804564973e-19
     1.405881330300298e-19
     8.913537817060991e-20
     5.637106688899162e-20
     3.556043778753953e-20
     2.237601004618459e-20
     1.404439071989503e-20
     8.792813494415296e-21
     5.491076802570139e-21
      3.42051788890143e-21
     2.125352132880085e-21
     1.317269368407534e-21
     8.143722081776178e-22
     5.021991016859111e-22
     3.089111148855884e-22
     1.895377548118599e-22
      1.16001204211347e-22
     7.081639346401835e-23
     4.312306540609795e-23
     2.619328242153163e-23
     1.586991763462097e-23
     9.590998661173344e-24
     5.781724053234576e-24
     3.476603966699574e-24
     2.085246358835091e-24
     1.247566676283316e-24
     7.445165519778319e-25
     4.431891271899404e-25
      2.63152763143294e-25
     1.558586162835066e-25
       9.2078383731374e-26
     5.426108719715929e-26
       3.1895041291172e-26
     1.870086345454194e-26
     1.093714324116811e-26
     6.380428210894162e-27
     3.712781338873516e-27
     2.155025779307165e-27
     1.247696762109547e-27
     7.205581516238827e-28
     4.150805265942241e-28
     2.385057989164954e-28
     1.367000614157979e-28
      7.81522671322672e-29
     4.456741822910216e-29
     2.535107109837053e-29
     1.438394480814401e-29
      8.14071357967181e-30
      4.59567837072705e-30
      2.58785164147266e-30
     1.453555534618209e-30
     8.143784949382156e-31
     4.551172376049623e-31
     2.537011861048177e-31
     1.410664829697649e-31
      7.82397060045005e-32
     4.328451056383084e-32
      2.38857917327841e-32
     1.314766099091162e-32
     7.218699696993358e-33
     3.953401921365372e-33
     2.159654961672339e-33
      1.17679028330082e-33
     6.396095888178817e-34
     3.467623489985905e-34
     1.875209833275635e-34
     1.011506453379592e-34
     5.442371440871996e-35
     2.920843700303375e-35
     1.563611858449394e-35
     8.349298197559342e-36
     4.447042160157018e-36
     2.362613364541445e-36
     1.252028101816861e-36
     6.618131355774159e-37
     3.489445723909653e-37
     1.835173558219579e-37
     9.627141168604561e-38
     5.037521445435409e-38
     2.629273199701369e-38
     1.368842960561206e-38
     7.108377936458603e-39
     3.682020725905604e-39
       1.9023947799602e-39
     9.804232965937657e-40
     5.039935974302793e-40
     2.584251017248473e-40
     1.321729276870993e-40
      6.74292482864875e-41
     3.431246951734774e-41
     1.741619737210217e-41
      8.81763782311122e-42
     4.452957849554807e-42
     2.243066614330132e-42
     1.127023229434999e-42
     5.648335965858962e-43
     2.823611737304467e-43
     1.407946285558242e-43
     7.002670458741546e-44
     3.474062525495217e-44
     1.719126174724605e-44
     8.485430821139232e-45
     4.177687048761519e-45
     2.051604351836965e-45
     1.004955562595413e-45
     4.910158155239499e-46
     2.392981353464564e-46
     1.163263747480185e-46
     5.640426596871217e-47
     2.727975218931962e-47
     1.316022855961606e-47
     6.332581895414543e-48
     3.039431770644856e-48
     1.455117323186137e-48
      6.94860266186969e-49
      3.30971521384483e-49
     1.572451572687116e-49
     7.451732570711217e-50
     3.522332843100923e-50
     1.660720305477831e-50
     7.810078356837942e-51
     3.663590272143271e-51
     1.714157929301257e-51
     7.999945205137393e-52
     3.724047862870863e-52
     1.729160761452167e-52
     8.008426229561267e-53
     3.699563527424852e-53
     1.704688820453936e-53
     7.834853155863147e-54
     3.591761931466931e-54
     1.642384990059415e-54
     7.490881744433495e-55
     3.407856278748658e-55
     1.546392595757448e-55
     6.999197007180319e-56
     3.159849823662083e-56
     1.422899537606172e-56
     6.391038087392597e-57
     2.863239951469571e-57
     1.279478686530154e-57
     5.702918111652318e-58
     2.535419239294274e-58
     1.124322209513099e-58
     4.973017127931293e-59
     2.194002264883338e-59
     9.654769999479834e-60
     4.237740208515503e-60
     1.855299608727461e-60
     8.101788356333767e-61
     3.528861720424727e-61
     1.533116230709947e-61
      6.64357745929865e-62
     2.871542121398764e-62
     1.237982287357688e-62
     5.323527555472809e-63
     2.283337978421797e-63
     9.768464320589463e-64
     4.168382560288504e-64
     1.774164181939733e-64
      7.53190414527413e-65
     3.189336034220102e-65
     1.347038691315887e-65
     5.674713392848402e-66
     2.384468775645179e-66
     9.993623130900093e-67
     4.177704220783338e-67
     1.741949559594943e-67
     7.244633136040613e-68
     3.005245302303338e-68
     1.243443142003005e-68
     5.131616340878999e-69
     2.112342991545473e-69
     8.672742931947517e-70
     3.551649100137444e-70
     1.450724465396797e-70
      5.91045463771233e-71
     2.401804607286887e-71
     9.734979732142886e-72
     3.935616594422376e-72
     1.586976980246177e-72
     6.382757466168223e-73
     2.560505339639565e-73
     1.024524655370304e-73
     4.088822736738621e-74
     1.627620107393022e-74
      6.46229022058486e-75
     2.559164901714704e-75
     1.010853539173055e-75
     3.982502931091234e-76
     1.564954174615643e-76
     6.133728478307931e-77
     2.397864391746002e-77
     9.349784167092085e-78
     3.636262225426748e-78
     1.410539296023789e-78
     5.457469473242739e-79
     2.106072482839281e-79
     8.106454093606166e-80
     3.112174196275371e-80
     1.191713786424008e-80
     4.551503328152702e-81
     1.733853258240773e-81
      6.58785639240071e-82
      2.49660568155044e-82
     9.436904653730932e-83
     3.557809542792154e-83
     1.337855083713456e-83
     5.017743214054597e-84
     1.877070152682928e-84
     7.003659423605949e-85
     2.606403836935992e-85
     9.674539333826864e-86
     3.581710759116221e-86
     1.322580402830865e-86
     4.871074093844273e-87
      1.78936193000876e-87
     6.556048828201258e-88
     2.395832308403304e-88
     8.732540893957363e-89
     3.174640357490206e-89
      1.15111271586049e-89
     4.163037303342001e-90
     1.501659969997099e-90
     5.402583309291123e-91
     1.938650959471075e-91
      6.93850290574886e-92
     2.476849604083207e-92
     8.818625994660148e-93
     3.131622097874159e-93
     1.109186619995026e-93
     3.918379122013823e-94
     1.380621248638612e-94
     4.851864107397476e-95
     1.700624326024725e-95
     5.945296727490413e-96
     2.073021363295458e-96
     7.209394975408365e-97
     2.500681399952357e-97
     8.651314756909767e-98
     2.985174812444522e-98
     1.027356163851903e-98
      3.52643269645492e-99
     1.207294363429719e-99
    4.122431508621437e-100
    1.403964490738463e-100
    4.768929399988361e-101
    1.615650620601391e-101
    5.459281558718202e-102
    1.839859715648455e-102
    6.184360462211863e-103
    2.073315705661608e-103
    6.932602955400663e-104
    2.311996408096919e-104
     7.69019950198661e-105
    2.551216819524684e-105
    8.441432060829775e-106
    2.785759188205068e-106
    9.169156381008594e-107
    3.010046722013061e-107
    9.855412913503378e-108
    3.218354090552138e-108
    1.048213903879356e-108
    3.405044393852686e-109
    1.103194504540005e-109
    3.564819353692296e-110
    1.148890838128274e-110
    3.692967471983337e-111
    1.183933610044197e-111
    3.785594057667758e-112
    1.207244482184354e-112
    3.839817507399092e-113
    1.218091120455393e-113
    3.853918062456991e-114
    1.216125378199715e-114
    3.827428337819268e-115
    1.201401840037496e-115
    3.761158979576868e-116
    1.174375349267716e-116
    3.657157490637846e-117
    1.135877671375944e-117
    3.518603140278905e-118
    1.087074964013694e-118
    3.349645484415099e-119
    1.029409088435458e-119
     3.15519794357192e-120
    9.645268843684211e-121
    2.940700765906728e-121
     8.94202246317467e-122
    2.711869308716333e-122
     8.20256131366868e-123
    2.474443807270253e-123
    7.444794893530729e-124
     2.23395571280161e-124
     6.68563571981462e-125
    1.995523448911197e-125
    5.940412224099502e-126
    1.763687340439551e-126
    5.222416718282216e-127
    1.542289857147144e-127
    4.542601897436612e-128
    1.334403555910485e-128
    3.909427651146454e-129
    1.142305548553817e-129
    3.328849389603258e-130
    9.674942610874158e-131
    2.804430462098431e-131
    8.107418956272914e-132
    2.337555075517424e-132
    6.721744755197719e-133
    1.927714625686475e-133
    5.513706687140623e-134
    1.572839462952967e-134
    4.474706811910756e-135
    1.269649513662495e-135
    3.592872622697549e-136
    1.014000386183466e-136
    2.854120959562494e-137
    8.012060268525148e-138
    2.243123787077286e-138
    6.263240616156375e-139
    1.744140210196866e-139
    4.843951152132127e-140
    1.341694982635103e-140
    3.706321886850602e-141
     1.02109790904117e-141
    2.805602686773253e-142
    7.688101248871387e-143
    2.101095420423304e-143
    5.726718384129888e-144
    1.556678249364979e-144
    4.220116861581417e-145
    1.140991203323709e-145
    3.076606274264934e-146
    8.273570270807484e-147
    2.218937232465626e-147
    5.935095325258036e-148
    1.583217593236517e-148
    4.211951344853283e-149
     1.11752054345453e-149
    2.957036717375595e-150
    7.803448166220197e-151
    2.053735982195888e-151
    5.390518005746927e-152
    1.411054579916828e-152
    3.683699050971977e-153
    9.590717163435871e-154
    2.490257344639452e-154
    6.448566344928948e-155
       1.665357596447e-155
    4.289205058034134e-156
    1.101718601406133e-156
    2.822205980825548e-157
    7.209920452925597e-158
     1.83694250459927e-158
    4.667491788234514e-159
    1.182752988349397e-159
    2.989004850285542e-160
    7.533223296456781e-161
    1.893460706240422e-161
    4.746271385084522e-162
    1.186504059649944e-162
    2.958052367407211e-163
    7.354650364479486e-164
    1.823632496933657e-164
    4.509530255905785e-165
    1.112099257668305e-165
    2.735102654408325e-166
    6.708433445036303e-167
    1.640913065565865e-167
    4.002824704221555e-168
    9.737863381802769e-169
    2.362525234570408e-169
    5.716161255311784e-170
    1.379263642475037e-170
    3.318978715235597e-171
    7.964812743012028e-172
    1.906163528147614e-172
    4.549438344148101e-173
    1.082849278258962e-173
     2.57033893758171e-174
    6.084494330358496e-175
    1.436381661893348e-175
    3.381629565227815e-176
    7.939489568636349e-177
     1.85895576051024e-177
    4.340652288830391e-178
     1.01076445418745e-178
    2.347218342572423e-179
     5.43582082707827e-180
    1.255406677820179e-180
    2.891418382084786e-181
    6.641163706155429e-182
    1.521190905840056e-182
    3.474794151356243e-183
    7.915526541558653e-184
    1.798189433571251e-184
    4.073760702763979e-185
    9.203638764079753e-186
    2.073610228100254e-186
    4.659053883101487e-187
    1.043928892064405e-187
    2.332631897547944e-188
    5.197842803743828e-189
    1.155051210047652e-189
    2.559646742845094e-190
    5.656646594593975e-191
    1.246630669144545e-191
    2.739780926467439e-192
    6.004718630731006e-193
    1.312404772586375e-193
    2.860492249606263e-194
      6.2174328632292e-195
    1.347653694075756e-195
    2.913009475972901e-196
     6.27915775090672e-197
    1.349759243374836e-197
    2.893384560225523e-198
    6.185153099971029e-199
    1.318526019741521e-199
    2.802982721644238e-200
     5.94217052577089e-201
     1.25621010434184e-201
    2.648325981265522e-202
     5.56765212560808e-203
    1.167249613612889e-203
    2.440314967334671e-204
    5.087659381176646e-205
    1.057741808503337e-205
    2.192957987602416e-206
    4.533874012382527e-207
    9.347523708910233e-208
    1.921813277030808e-208
    3.940150254960274e-209
    8.055654855548301e-210
     1.64238466548214e-210
    3.339137987549279e-211
    6.769846069215134e-212
    1.368698060339519e-212
    2.759436637407286e-213
    5.547746423585642e-214
    1.112232710366971e-214
    2.223602186656939e-215
    4.433026940144356e-216
    8.813024506132974e-217
     1.74715080517142e-217
    3.453950369719644e-218
    6.808972095827181e-219
    1.338524276272944e-219
    2.623914382179827e-220
    5.129219091077069e-221
    9.998399681427899e-222
    1.943510360350326e-222
    3.767209896780342e-223
    7.281633824619476e-224
    1.403503104390732e-224
    2.697571155162357e-225
    5.170194644567186e-226
    9.881316106739653e-227
    1.883198361708174e-227
    3.578905060149656e-228
    6.782293521424896e-229
    1.281665619344272e-229
    2.415149914304944e-230
    4.538205028292768e-231
    8.503432027202173e-232
    1.588817229378053e-232
    2.960210887887564e-233
    5.499710462414654e-234
    1.018884398225309e-234
    1.882250215695137e-235
    3.467341372353419e-236
    6.369159046063779e-237
    1.166630361511884e-237
    2.130833839261378e-238
    3.880882237694466e-239
    7.048153462783485e-240
    1.276390852316081e-240
    2.304914895020376e-241
    4.150385337914353e-242
    7.452186122080686e-243
    1.334259011646525e-243
    2.382084730929334e-244
    4.240668298572087e-245
    7.527848448057132e-246
    1.332497252178173e-246
     2.35190672041216e-247
     4.13934479626083e-248
    7.264408790326659e-249
    1.271234085606891e-249
    2.218231070831254e-250
    3.859610314585356e-251
    6.696301016406169e-252
    1.158459161594825e-252
    1.998389564681286e-253
    3.437420435579012e-254
    5.895730773150006e-255
    1.008311056022878e-255
    1.719502137943255e-256
    2.923893991688929e-257
    4.957590405178129e-258
    8.381643470133748e-259
    1.412982058520865e-259
    2.375157621903375e-260
    3.981034565692179e-261
    6.653445183444954e-262
    1.108775795892377e-262
    1.842412217980732e-263
    3.052637122829409e-264
    5.043224001908221e-265
    8.307788413706242e-266
    1.364602232267416e-266
    2.234959188304359e-267
    3.649852996810503e-268
    5.943233459120851e-269
    9.649642701820606e-270
    1.562212409274234e-270
    2.521788860891997e-271
    4.058976424062603e-272
    6.514226897633727e-273
    1.042430612295417e-273
    1.663292882039294e-274
    2.646226245276752e-275
    4.197795319541612e-276
      6.6397382513897e-277
    1.047165781163019e-277
     1.64669844500981e-278
    2.581940472348027e-279
    4.036558549193581e-280
    6.292287119911014e-281
    9.779967524441366e-282
    1.515644193157452e-282
    2.342002918548915e-283
    3.608338613167542e-284
    5.543144206866804e-285
     8.49050378453187e-286
     1.29669694260921e-286
    1.974561245857569e-287
    2.997983068848067e-288
    4.538512494455121e-289
    6.850512042667361e-290
    1.030996086940855e-290
    1.547087322333928e-291
    2.314705837973023e-292
    3.453021610312186e-293
    5.135995494659994e-294
    7.616775539597124e-295
    1.126258812294657e-295
    1.660447321946211e-296
    2.440794353291732e-297
    3.577303575179303e-298
    5.227550674561507e-299
    7.616542720654424e-300
    1.106455661993929e-300
    1.602603089354801e-301
    2.314371569566484e-302
    3.332381134989043e-303
    4.783987542929399e-304
     6.84760219841277e-305
    9.772359420113393e-306
    1.390503486126533e-306
    1.972676120272434e-307
    2.790293321066213e-308
    3.935080388503956e-309
    5.533072284453366e-310
    7.756885337819964e-311
    1.084216463971914e-311
    1.510954985039952e-312
    2.099390647024245e-313
    2.908308649144562e-314
    4.016914015110097e-315
     5.53157334814889e-316
    7.594658038050994e-317
    1.039609967585276e-317
    1.418842899757517e-318
    1.930610917689255e-319
    2.619041988604448e-320
    3.542450680681738e-321
    4.792436764660091e-322
    6.422853395936205e-323
    9.881312916824931e-324
                         0
                         0
                         0
                         0
                         0
                         0
                         0
                         0
                         0
                         0
                         0
                         0
                         0
                         0
                         0
                         0
                         0
                         0
                         0
                         0
                         0
                         0
                         0
                         0
                         0
                         0
                         0
                         0
                         0
                         0
                         0
                         0
                         0
                         0
                         0
                         0
                         0
                         0
                         0
                         0
                         0
                         0
                         0
                         0
                         0
                         0
                         0
                         0
                         0
                         0
                         0
                         0
                         0
                         0
                         0
                         0
                         0
                         0
                         0
                         0
                         0
                         0
                         0
                         0
                         0
                         0
                         0
                         0
                         0
                         0
                         0
                         0
                         0
                         0
                         0
                         0
                         0
                         0
                         0
                         0
                         0
                         0
                         0
                         0
                         0
                         0
                         0
                         0
                         0
                         0
                         0
                         0
                         0
                         0
                         0
                         0
                         0
                         0
                         0
                         0
                         0
                         0
                         0
                         0
                         0
                         0
                         0
                         0
                         0
                         0
                         0
                         0
                         0
                         0
                         0
                         0
                         0
                         0
                         0
                         0
                         0
                         0
                         0
                         0
                         0
                         0
                         0
                         0
                         0
                         0
                         0
                         0
                         0
                         0
                         0
                         0
                         0
                         0
                         0
                         0
                         0
                         0
                         0
                         0
                         0
                         0
                         0
                         0
                         0
                         0
                         0
                         0
                         0
                         0
                         0
                         0
                         0
                         0
                         0
                         0
                         0
                         0
                         0
                         0
                         0
                         0
                         0
                         0
                         0
                         0
                         0
                         0
                         0
                         0
                         0
                         0
                         0
                         0
                         0
                         0
                         0
                         0
                         0
                         0
                         0
                         0
                         0
                         0
                         0
                         0
                         0
                         0
                         0
                         0
                         0
                         0
                         0
                         0
                         0
                         0
                         0
                         0
                         0
                         0
                         0
                         0
                         0
                         0
                         0
                         0
                         0
                         0
                         0
                         0
                         0
                         0
                         0
                         0
                         0
                         0
                         0
                         0
                         0
                         0
                         0
                         0
                         0
                         0
                         0
                         0
                         0
                         0
                         0
                         0
                         0
                         0
                         0
                         0
                         0
                         0
                         0
                         0
                         0
                         0
                         0
                         0
                         0
                         0
                         0
                         0
                         0
                         0
                         0
                         0
                         0
                         0
                         0
                         0
                         0
                         0
                         0
                         0
                         0
                         0
                         0
                         0
                         0
                         0
                         0
                         0
                         0
                         0
                         0
                         0
                         0
                         0
                         0
                         0
                         0
                         0
                         0
                         0
                         0
                         0
                         0
                         0
                         0
                         0
                         0
                         0
                         0
                         0
                         0
                         0
                         0
                         0
                         0
                         0
                         0
                         0
                         0
                         0
                         0
                         0
                         0
                         0
                         0
                         0
                         0
                         0
                         0
                         0
                         0
                         0
                         0
                         0
                         0
                         0
                         0
                         0
                         0
                         0
                         0
                         0
                         0
                         0
                         0
                         0
                         0
                         0
                         0
                         0
                         0
                         0
                         0
                         0
                         0
                         0
                         0
                         0
                         0
                         0
                         0
                         0
                         0
                         0
                         0
                         0
                         0
                         0
                         0
                         0
                         0
                         0
                         0
                         0
                         0
                         0
                         0
                         0
                         0
                         0
                         0
                         0
                         0
                         0
                         0
                         0
                         0
                         0
                         0
                         0
                         0
                         0
                         0
                         0
                         0
                         0
                         0
                         0
                         0
                         0
                         0
                         0
                         0
                         0
                         0
                         0
                         0
                         0
                         0
                         0
                         0
                         0
                         0
                         0
                         0
                         0
                         0
                         0
                         0
                         0
                         0
                         0
                         0
                         0
                         0
                         0
                         0
                         0
                         0
                         0
                         0
                         0
                         0
                         0
                         0
                         0
                         0
                         0
                         0
                         0
                         0
                         0
                         0
                         0
                         0
                         0
                         0
                         0
                         0
                         0
                         0
                         0
                         0
                         0
                         0
                         0
                         0
                         0
                         0
                         0
                         0
                         0
                         0
                         0
                         0
                         0
                         0
                         0
                         0
                         0
                         0
                         0
                         0
                         0
                         0
                         0
                         0
                         0
                         0
                         0
                         0
                         0
                         0
                         0
                         0
                         0
                         0
                         0
                         0
                         0
                         0
                         0
                         0
                         0
                         0
                         0
                         0
                         0
                         0
                         0
                         0
                         0
                         0
                         0
                         0
                         0
                         0
                         0
                         0
                         0
                         0
                         0
                         0
                         0
                         0
                         0
                         0
                         0
                         0
                         0
                         0
                         0
                         0
                         0
                         0
                         0
                         0
                         0
                         0
                         0
                         0
                         0
                         0
                         0
                         0
                         0
                         0
                         0
                         0
                         0
                         0
                         0
                         0
                         0
                         0
                         0
                         0
                         0
                         0
                         0
                         0
                         0
                         0
                         0
                         0
                         0
                         0
                         0
                         0
                         0
                         0
                         0
                         0
                         0
                         0
                         0
                         0
                         0
                         0
                         0
                         0
                         0
                         0
                         0
                         0
                         0
                         0
                         0
                         0
                         0
                         0
                         0
                         0
                         0
                         0
                         0
                         0
                         0
                         0
                         0
                         0
                         0
                         0
                         0
                         0
                         0
                         0
                         0
                         0
                         0
                         0
                         0
                         0
                         0
                         0
                         0
                         0
                         0
                         0
                         0
                         0
                         0
                         0
                         0
                         0
                         0
                         0
                         0
                         0
                         0
                         0
                         0
                         0
                         0
                         0
                         0
                         0
                         0
                         0
                         0
                         0
                         0
                         0
                         0
                         0
                         0
                         0
                         0
                         0
                         0
                         0
                         0
                         0
                         0
                         0
                         0
                         0
                         0
                         0
                         0
                         0
                         0
                         0
                         0
                         0
                         0
                         0
                         0
                         0
                         0
                         0
                         0
                         0
                         0
                         0
                         0
                         0
                         0
                         0
                         0
                         0
                         0
                         0
                         0
                         0
                         0
                         0
                         0
                         0
                         0
                         0
                         0
                         0
                         0
                         0
                         0
                         0
                         0
                         0
                         0
                         0
                         0
                         0
                         0
                         0
                         0
                         0
                         0
                         0
                         0
                         0
                         0
                         0
                         0
                         0
                         0
                         0
                         0
                         0
                         0
                         0
                         0
                         0
                         0
                         0
                         0
                         0
                         0
                         0
                         0
                         0
                         0
                         0
                         0
                         0
                         0
                         0
                         0
                         0
                         0
                         0
                         0
                         0
                         0
                         0
                         0
                         0
                         0
                         0
                         0
                         0
                         0
                         0
                         0
                         0
                         0
                         0
                         0
                         0
                         0
                         0
                         0
                         0
                         0
                         0
                         0
                         0
                         0
                         0
                         0
                         0
                         0
                         0
                         0
                         0
                         0
                         0
                         0
                         0
                         0
                         0
                         0
                         0
                         0
                         0
                         0
                         0
                         0
                         0
                         0
                         0
                         0
                         0
                         0
                         0
                         0
                         0
                         0
                         0
                         0
                         0
                         0
                         0
                         0
                         0
                         0
                         0
                         0
                         0
                         0
                         0
                         0
                         0
                         0
                         0
                         0
                         0
                         0
                         0
                         0
                         0
                         0
                         0
                         0
                         0
                         0
                         0
                         0
                         0
                         0
                         0
                         0
                         0
                         0
                         0
                         0
                         0
                         0
                         0
                         0
                         0
                         0
                         0
                         0
                         0
                         0
                         0
                         0
                         0
                         0
                         0
                         0
                         0
                         0
                         0
                         0
                         0
                         0
                         0
                         0
                         0
                         0
                         0
                         0
                         0
                         0
                         0
                         0
                         0
                         0
                         0
                         0
                         0
                         0
                         0
                         0
                         0
                         0
                         0
                         0
                         0
                         0
                         0
                         0
                         0
                         0
                         0
                         0
                         0
                         0
                         0
                         0
                         0
                         0
                         0
                         0
                         0
                         0
                         0
                         0
                         0
                         0
                         0
                         0
                         0
                         0
                         0
                         0
                         0
                         0
                         0
                         0
                         0
                         0
                         0
                         0
                         0
                         0
                         0
                         0
                         0
                         0
                         0
                         0
                         0
                         0
                         0
                         0
                         0
                         0
                         0
                         0
                         0
                         0
                         0
                         0
                         0
                         0
                         0
                         0
                         0
                         0
                         0
                         0
                         0
                         0
                         0
                         0
                         0
                         0
                         0
                         0
                         0
                         0
                         0
                         0
                         0
                         0
                         0
                         0
                         0
                         0
                         0
                         0
                         0
                         0
                         0
                         0
                         0
                         0
                         0
                         0
                         0
                         0
                         0
                         0
                         0
                         0
                         0
                         0
                         0
                         0
                         0
                         0
                         0
                         0
                         0
                         0
                         0
                         0
                         0
                         0
                         0
                         0
                         0
                         0
                         0
                         0
                         0
                         0
                         0
                         0
                         0
                         0
                         0
                         0
                         0
                         0
                         0
                         0
                         0
                         0
                         0
                         0
                         0
                         0
                         0
                         0
                         0
                         0
                         0
                         0
                         0
                         0
                         0
                         0
                         0
                         0
                         0
                         0
                         0
                         0
                         0
                         0
                         0
                         0
                         0
                         0
                         0
                         0
                         0
                         0
                         0
                         0
                         0
                         0
                         0
                         0
                         0
                         0
                         0
                         0
                         0
                         0
                         0
                         0
                         0
                         0
                         0
                         0
                         0
                         0
                         0
                         0
                         0
                         0
                         0
                         0
                         0
                         0
                         0
                         0
                         0
                         0
                         0
                         0
                         0
                         0
                         0
                         0
                         0
                         0
                         0
                         0
                         0
                         0
                         0
                         0
                         0
                         0
                         0
                         0
                         0
                         0
                         0
                         0
                         0
                         0
                         0
                         0
                         0
                         0
                         0
                         0
                         0
                         0
                         0
                         0
                         0
                         0
                         0
                         0
                         0
                         0
                         0
                         0
                         0
                         0
                         0
                         0
                         0
                         0
                         0
                         0
                         0
                         0
                         0
                         0
                         0
                         0
                         0
                         0
                         0
                         0
                         0
                         0
                         0
                         0
                         0
                         0
                         0
                         0
                         0
                         0
                         0
                         0
                         0
                         0
                         0
                         0
                         0
                         0
                         0
                         0
                         0
                         0
                         0
                         0
                         0
                         0
                         0
                         0
                         0
                         0
                         0
                         0
                         0
                         0
                         0
                         0
                         0
                         0
                         0
                         0
                         0
                         0
                         0
                         0
                         0
                         0
                         0
                         0
                         0
                         0
                         0
                         0
                         0
                         0
                         0
                         0
                         0
                         0
                         0
                         0
                         0
                         0
                         0
                         0
                         0
                         0
                         0
                         0
                         0
                         0
                         0
                         0
                         0
                         0
                         0
                         0
                         0
                         0
                         0
                         0
                         0
                         0
                         0
                         0
                         0
                         0
                         0
                         0
                         0
                         0
                         0
                         0
                         0
                         0
                         0
                         0
                         0
                         0
                         0
                         0
                         0
                         0
                         0
                         0
                         0
                         0
                         0
                         0
                         0
                         0
                         0
                         0
                         0
                         0
                         0
                         0
                         0
                         0
                         0
                         0
                         0
                         0
                         0
                         0
                         0
                         0
                         0
                         0
                         0
