      0.007391969828570848
       0.01699627799988648
       0.02611973968102345
        0.0344943255231079
       0.04190008359991531
       0.04816307573169198
       0.05316114493955844
       0.05682703841869717
       0.05914830898606251
       0.06016413323569067
       0.05995945620665498
       0.05865705088867855
         0.056408189890928
       0.05338266663252116
       0.04975887801083737
       0.04571459875751208
       0.04141895324820132
       0.03702593974483502
       0.03266970190958146
       0.02846158863794502
       0.02448890872815355
       0.02081518075829482
       0.01748160570535722
       0.01450945120150482
       0.01190302927943508
      0.009652968846944346
      0.007739523193204046
      0.006135704255981965
      0.004810092158824119
      0.003729224622494964
      0.002859521607552583
      0.002168742852981584
      0.001627008249884273
      0.001207432957292656
     0.0008864415791894504
     0.0006438300178528235
      0.000462641604773227
     0.0003289176821604219
     0.0002313737369213109
     0.0001610419825408748
     0.0001109111133207151
     7.558463867327086e-05
     5.097123523655147e-05
     3.401415080925463e-05
     2.246186723007572e-05
     1.467884759247519e-05
     9.493041689281867e-06
     6.075652618638647e-06
     3.848228117199296e-06
     2.412207536604596e-06
      1.49644125646696e-06
     9.187566600469398e-07
     5.582662789703886e-07
     3.357269422623361e-07
     1.998197219796274e-07
     1.177066383639074e-07
     6.862411750522127e-08
     3.959754315416427e-08
     2.261400619240289e-08
     1.278222433002574e-08
     7.150832836264264e-09
     3.959400438752635e-09
     2.169831197642887e-09
     1.176920363034476e-09
     6.318201612192762e-10
      3.35711039311864e-10
     1.765483949731838e-10
     9.189418186206795e-11
     4.734108983210016e-11
     2.413871868566959e-11
     1.218191230243338e-11
     6.084731604370398e-12
     3.008093584934585e-12
     1.471852636487665e-12
     7.127863181502356e-13
     3.416451417579609e-13
     1.620730155927595e-13
     7.609643587230095e-14
     3.536181159190508e-14
     1.626370946666324e-14
     7.403171821205206e-15
     3.335241333584277e-15
     1.487119592804585e-15
     6.562534446273881e-16
     2.866171235620502e-16
     1.238896912357896e-16
     5.299907259160955e-17
     2.243876211214709e-17
     9.402090089639847e-18
     3.898899861911223e-18
     1.600107232196438e-18
     6.498939775683935e-19
     2.612277718292543e-19
     1.039145811784414e-19
     4.090823699598887e-20
     1.593745196374217e-20
     6.144655082169056e-21
     2.344461918432588e-21
     8.852223722931561e-22
     3.307664831130652e-22
     1.223057384084859e-22
     4.475325454900224e-23
     1.620507372565972e-23
     5.806602060588578e-24
     2.058892964324279e-24
     7.224071531170003e-25
     2.508203096117126e-25
     8.617305891675155e-26
      2.92957178624006e-26
     9.854990381748346e-27
      3.28037289508343e-27
      1.08043992199809e-27
     3.521144127558363e-28
     1.135450091588595e-28
     3.622835281718335e-29
     1.143722240701191e-29
      3.57255609378221e-30
     1.104127069642353e-30
     3.376256970998099e-31
      1.02146435442165e-31
      3.05757416047274e-32
     9.055064472944345e-33
     2.653148055945864e-33
     7.690974488620641e-34
     2.205696130330288e-34
     6.258191139293098e-35
     1.756649550306272e-35
     4.878079292706342e-36
     1.340090679246547e-36
     3.641960500003279e-37
     9.791427758760991e-38
     2.604117193734087e-38
     6.851294238674001e-39
     1.783101713208329e-39
     4.590550337842669e-40
     1.169047585837934e-40
     2.944909870355401e-41
     7.338000166808705e-42
     1.808600934080824e-42
     4.409206757704839e-43
     1.063222448487897e-43
      2.53586992569277e-44
     5.982216092908474e-45
     1.395797951266458e-45
     3.221078601419853e-46
     7.351759432073704e-47
     1.659530598392263e-47
     3.704895716668779e-48
     8.180052943204625e-49
     1.786151197718598e-49
     3.857045817064353e-50
     8.236795161418806e-51
      1.73948607885478e-51
     3.632746773958372e-52
     7.502274353341182e-53
     1.532097821065388e-53
     3.093910816184107e-54
     6.178012067839145e-55
     1.219835360962413e-55
     2.381534869503618e-56
     4.597350339663922e-57
     8.774952417812078e-58
     1.655998553452224e-58
     3.089900974034902e-59
     5.700197717966809e-60
     1.039650260458712e-60
      1.87468261049749e-61
     3.341969122826283e-62
     5.889823549156422e-63
     1.026167332723915e-63
      1.76742472468293e-64
     3.009270348173391e-65
     5.064885489366469e-66
     8.426684137610917e-67
     1.385839319871002e-67
     2.252830145684343e-68
     3.619875680349382e-69
     5.749083742476222e-70
     9.024713541488801e-71
     1.400193219337426e-71
     2.147099211561565e-72
     3.253985382814091e-73
     4.873804130589901e-74
     7.214381091782334e-75
     1.055353770170699e-75
     1.525648100048025e-76
     2.179501832911649e-77
     3.076775435408245e-78
      4.29199380224085e-79
     5.916107046477262e-80
     8.057780456865113e-81
     1.084391283162491e-81
     1.441904140189133e-82
      1.89432738142249e-83
     2.458840426582818e-84
     3.153193226393124e-85
     3.994881639046518e-86
     5.000096494437858e-87
     6.182468668830585e-88
     7.551658605809356e-89
     9.111866697113093e-90
     1.086036782022844e-90
     1.278619553053161e-91
     1.486911508274084e-92
     1.707902602784402e-93
     1.937592186309965e-94
     2.171050480613662e-95
     2.402550882563256e-96
     2.625772636915279e-97
     2.834066869020482e-98
     3.020772295320398e-99
    3.179560908502985e-100
    3.304789341492472e-101
    3.391829123676049e-102
    3.437349118887963e-103
     3.43952624980928e-104
    3.398166001745374e-105
    3.314721659389802e-106
    3.192209980754776e-107
     3.03503008848827e-108
     2.84870074189681e-109
    2.639537910510074e-110
     2.41429898097128e-111
    2.179821579238457e-112
     1.94268381829301e-113
     1.70890907359079e-114
     1.48373272064411e-115
    1.271441412279865e-116
    1.075288276306138e-117
    8.974806857327828e-119
    7.392316591254946e-120
    6.008619408527589e-121
    4.819375968171532e-122
     3.81427508412854e-123
    2.978662233089474e-124
     2.29509854103825e-125
    1.744756643180415e-126
    1.308592040539947e-127
    9.682596839880598e-129
    7.067725611033202e-130
    5.089201968587689e-131
    3.614794436743873e-132
    2.532578953415146e-133
    1.750125625512163e-134
    1.192843540489426e-135
    8.018382500303643e-137
    5.315692998014829e-138
    3.475229272048778e-139
    2.240463647229477e-140
    1.424306422024138e-141
    8.928121172031539e-143
    5.518075659070482e-144
    3.362526931324561e-145
    2.020104535584996e-146
    1.196440384624602e-147
    6.985482588144456e-149
    4.020394434419751e-150
    2.280795558011156e-151
    1.275345423887249e-152
    7.028637992584648e-154
    3.817633891453284e-155
    2.043500649383308e-156
    1.077928853036906e-157
    5.602958496105349e-159
    2.869681143461377e-160
    1.448156535223054e-161
    7.200115267917645e-163
     3.52680678402003e-164
    1.701837592065269e-165
    8.089552128167291e-167
    3.787705439718185e-168
    1.746821157318779e-169
    7.934437075922271e-171
    3.549391161320999e-172
    1.563637344698494e-173
    6.783232705368184e-175
    2.897541811416373e-176
     1.21867678104967e-177
    5.046455162569724e-179
    2.057293676762374e-180
     8.25640121475631e-182
     3.26168672044074e-183
    1.268302027832345e-184
    4.854045339239698e-186
    1.828340461041242e-187
    6.777249767882411e-189
    2.472087542699103e-190
    8.872756415038344e-192
    3.133341417378375e-193
    1.088631952270062e-194
    3.720900328329511e-196
    1.251058600215194e-197
    4.137505878809152e-199
    1.345858146876726e-200
    4.305539872734162e-202
    1.354538039129799e-203
    4.190417346807051e-205
    1.274655051531097e-206
     3.81209600529881e-208
    1.120822402972327e-209
     3.23949444122737e-211
    9.203444031863998e-213
    2.569928466348091e-214
    7.052670868860462e-216
    1.902006915354708e-217
    5.040341858658544e-219
    1.312382443829737e-220
    3.357190514556265e-222
    8.436628002015145e-224
    2.082576027185867e-225
    5.049322643833843e-227
    1.202337606291777e-228
    2.811519236060421e-230
    6.455602431754979e-232
    1.455368078661522e-233
    3.221128208395284e-235
    6.998427945869767e-237
    1.492478161940021e-238
    3.123831665910958e-240
    6.416467493456106e-242
    1.293269804760886e-243
    2.557540348255603e-245
    4.961933459508493e-247
    9.443407673802156e-249
    1.762826503885502e-250
    3.227353129320902e-252
    5.794179057787152e-254
    1.019994033216366e-255
    1.760413860638942e-257
    2.978474094751136e-259
    4.939517964650067e-261
    8.028531411695985e-263
    1.278783002274042e-264
    1.995788373707118e-266
    3.051658756118738e-268
    4.570960908618018e-270
    6.706170015610312e-272
    9.635667502691581e-274
    1.355729779889419e-275
    1.867633419908102e-277
    2.518718154780767e-279
    3.324898330754179e-281
    4.295647145323524e-283
    5.430876937862164e-285
    6.718019542811745e-287
    8.129810101965634e-289
    9.623307141120898e-291
    1.114061386412319e-292
    1.261158811292626e-294
    1.395855240861655e-296
    1.510267874485438e-298
     1.59713860991162e-300
    1.650582439637652e-302
    1.666739423065693e-304
    1.644231094131501e-306
    1.584347076696922e-308
    1.490927841451459e-310
    1.369957453615882e-312
    1.228926233456195e-314
    1.076058079597147e-316
    9.195154547880608e-319
    7.667898823456146e-321
    6.422853395936205e-323
                         0
                         0
                         0
                         0
                         0
                         0
                         0
                         0
                         0
                         0
                         0
                         0
                         0
                         0
                         0
                         0
                         0
                         0
                         0
                         0
                         0
                         0
                         0
                         0
                         0
                         0
                         0
                         0
                         0
                         0
                         0
                         0
                         0
                         0
                         0
                         0
                         0
                         0
                         0
                         0
                         0
                         0
                         0
                         0
                         0
                         0
                         0
                         0
                         0
                         0
                         0
                         0
                         0
                         0
                         0
                         0
                         0
                         0
                         0
                         0
                         0
                         0
                         0
                         0
                         0
                         0
                         0
                         0
                         0
                         0
                         0
                         0
                         0
                         0
                         0
                         0
                         0
                         0
                         0
                         0
                         0
                         0
                         0
                         0
                         0
                         0
                         0
                         0
                         0
                         0
                         0
                         0
                         0
                         0
                         0
                         0
                         0
                         0
                         0
                         0
                         0
                         0
                         0
                         0
                         0
                         0
                         0
                         0
                         0
                         0
                         0
                         0
                         0
                         0
                         0
                         0
                         0
                         0
                         0
                         0
                         0
                         0
                         0
                         0
                         0
                         0
                         0
                         0
                         0
                         0
                         0
                         0
                         0
                         0
                         0
                         0
                         0
