       0.07140472613518119
        0.1471486069645823
        0.1856716275748346
        0.1843853825273585
        0.1542011686063559
        0.1116853699022714
       0.07105288549019818
       0.04002027691150947
        0.0200506230800722
       0.00896085120364616
       0.00357811241531571
      0.001277617156789067
     0.0004080302449837199
     0.0001165288322309725
     2.974170493694175e-05
     6.777842526542068e-06
      1.37747950317138e-06
     2.492886181720143e-07
     4.010354350427902e-08
     5.723331748141477e-09
     7.229434249182602e-10
     8.061710142281629e-11
     7.913393099943643e-12
     6.815736617676838e-13
     5.132426716589575e-14
      3.36562476243784e-15
     1.913476326965079e-16
     9.385589781827296e-18
     3.950069964503357e-19
     1.417749517827547e-20
     4.309970276292182e-22
     1.101257519845567e-23
     2.344617755608976e-25
     4.118544154638182e-27
     5.902246763597053e-29
     6.812008916553108e-31
     6.237449498812132e-33
     4.452440579683613e-35
     2.426862352250469e-37
     9.852971481050223e-40
      2.89107887231863e-42
     5.906162708113261e-45
     8.012874597505272e-48
     6.789575424397433e-51
     3.308173010849278e-54
     8.250964876440352e-58
     8.848728128299265e-62
      3.06489488984437e-66
      1.98870822933081e-71
     6.049567152239309e-78
