      0.009606654629460212
       0.05061804045054796
        0.1244053620701428
         0.230993048036707
         0.370394727306288
        0.5426260882463197
        0.7477060960351904
        0.9856572291472258
         1.256505552697117
         1.560280754056791
         1.897016168547038
         2.266748803032433
         2.669519360042979
         3.105372263433926
         3.574355686029267
         4.076521579473044
         4.611925706422775
          5.18062767517784
          5.78269097681986
         6.418183024935543
         7.087175197989964
         7.789742884421268
          8.52596553052895
          9.29592669123368
         10.09971408378893
         10.93741964453192
         11.80913958876489
         12.71497447386452
         13.65502926572338
         14.62941340863332
         15.63824089872788
         16.68163036110787
         17.75970513078192
         18.87259333756237
         20.02042799506395
         21.20334709396402
          22.4214936996903
         23.67501605471391
         24.96406768563562
         26.28880751526442
         27.64939997990032
         29.04601515204567
         30.47882886878305
         31.94802286607313
         33.45378491924052
         34.99630898993292
          36.5757953798569
         38.19245089161151
         39.84648899696342
          41.5381300129263
         43.26760128603267
         45.03513738521076
         46.84098030370551
         48.68537967051182
         50.56859297181896
         52.49088578299918
         54.45253201170767
         56.45381415270173
         58.49502355502671
         60.57646070226248
          62.6984355065719
          64.8612676173457
         67.06528674529423
         69.31083300289886
         71.59825726220109
          73.9279215309805
         76.30019934845092
          78.7154762016889
         81.17414996410126
         83.67663135734037
         86.22334443818413
         88.81472711201808
         91.45123167469104
         94.13332538465293
         96.86149106744742
         99.63622775479914
         102.4580513607267
         105.3274953973184
         108.2451117330392
         111.2114713966849
           114.22716543038
         117.2928057953226
         120.4090263343157
         123.5764837955035
         126.7958589221474
         130.0678576137356
         133.3932121642432
          136.772682583924
         140.2070580116672
         143.6971582256601
          147.243835260905
         150.8479751430402
         154.5104997489312
         158.2323688056292
         162.0145820405951
         165.8581814975448
          169.764254033906
         173.7339340177831
         177.7684062444343
         181.8689090947307
         186.0367379608366
          190.273248967566
         194.5798630215505
         198.9580702245867
         203.4094346924684
         207.9355998262739
         212.5382940897382
         217.2193373540522
         221.9806478805163
         226.8242500221124
         231.7522827376452
         236.7670090269729
         241.8708264135674
         247.0662786217736
         252.3560686214984
         257.7430732436288
          263.230359606478
         268.8212036386313
          274.519111038716
         280.3278410805337
         286.2514337561257
         292.2942408542472
         298.4609617034588
         304.7566844756339
         311.1869341581346
         317.7577285759703
         324.4756441996197
         331.3478939383148
         338.3824197330985
          345.588003586656
         352.9744017820569
          360.552508574369
          368.334557774307
         376.3343736673571
         384.5676870719106
         393.0525387500211
         401.8098020166159
         410.8638712259569
         420.2435862978226
          429.983501818667
         440.1256742783003
         450.7222559626507
         461.8393976980756
         473.5633844141847
         486.0108237670105
         499.3467983001668
         513.8203968206598
         529.8441888122381
         548.2129473049384
         570.9894107735547
