      0.001445074067836845
      0.007614013094038469
       0.01871242388628445
       0.03474279884914522
       0.05570547943747858
       0.08160058942859735
        0.1124282166827718
        0.1481884470084852
        0.1888813731675013
        0.2345070978696545
        0.2850657349396908
        0.3405574098254586
        0.4009822598413877
        0.4663404342979861
        0.5366320945720785
        0.6118574141463735
        0.6920165786346453
        0.7771097857995376
        0.8671372455635278
        0.9620991800191676
         1.061995823437018
         1.166827422269506
          1.27659423515525
          1.39129653292668
         1.510934598615871
         1.635508727453717
         1.765019226878827
         1.899466416540906
         2.038850628305207
         2.183172206258151
         2.332431506710491
         2.486628898204399
          2.64576476151772
         2.809839489668351
         2.978853487919806
         3.152807173788827
         3.331700977048931
         3.515535339736983
         3.704310716159558
          3.89802757289839
         4.096686388818237
         4.300287655071489
         4.508831875106366
         4.722319564672942
         4.940751251830413
         5.164127476955326
         5.392448792746945
         5.625715764235966
         5.863928968793393
         6.107088996135168
         6.355196448333538
         6.608251939824022
         6.866256097413732
          7.12920956028948
         7.397112980027341
         7.669967020601729
         7.947772358393578
         8.230529682199853
         8.518239693242995
         8.810903105181774
         9.108520644119393
         9.411093048613873
         9.718621069688854
         10.03110547084292
          10.3485470280607
         10.67094652982372
         10.99830477712044
         11.33062258345826
         11.66790077487396
         12.01014018994514
         12.35734167980241
         12.70950610813971
         13.06663435122788
          13.4287272979254
         13.79578584969184
         14.16781092059939
         14.54480343734577
         14.92676433926695
         15.31369457834972
         15.70559511924626
         16.10246693928557
         16.50431102848828
         16.91112838957997
         17.32292003800529
         17.73968700194148
         18.16143032231317
         18.58815105280672
          19.0198502598842
         19.45652902279956
         19.89818843361201
         20.34482959720245
         20.79645363128813
          21.2530616664381
         21.71465484608996
           22.181234326565
         22.65280127708433
         23.12935687978479
         23.61090232973615
          24.0974388349583
         24.58896761643687
         25.08548990814079
         25.58700695703989
         26.09352002312146
          26.6050303794092
         27.12153931198032
         27.64304811998345
          28.1695581156575
         28.70107062434909
         29.23758698453199
         29.77910854782551
         30.32563667901401
         30.87717275606584
         31.43371817015284
         31.99527432566945
         32.56184264025341
         33.13342454480526
         33.71002148350838
            34.29163491385
         34.87826630664144
         35.46991714603892
         36.06658892956442
         36.66828316812776
         37.27500138604741
         37.88674512107215
         38.50351592440337
         39.12531536071597
         39.75214500818185
         40.38400645849256
         41.02090131688055
         41.66283120214393
         42.30979774666849
          42.9618025964508
         43.61884741112264
         44.28093386397433
         44.94806364197871
         45.62023844581536
         46.29745998989513
         46.97973000238446
         47.66705022523074
         48.35942241418729
         49.05684833883802
         49.75932978262372
          50.4668685428675
         51.17946643080139
          51.8971252715911
         52.61984690436339
          53.3476331822332
         54.08048597232941
         54.81840715582302
         55.56139862795349
         56.30946229805689
         57.06260008959422
         57.82081394017745
         58.58410580160028
         59.35247763986527
         60.12593143521245
         60.90446918214867
         61.68809288947768
          62.4768045803278
         63.27060629218244
         64.06950007691054
         64.87348800079587
           65.682572144568
          66.4967546034334
         67.31603748710469
         68.14042291983345
         68.96991304044165
         69.80451000235159
         70.64421597361944
         71.48903313696675
         72.33896368981213
         73.19400984430594
         74.05417382736141
         74.91945788068882
         75.78986426082744
         76.66539523918091
         77.54605310205082
         78.43184015067034
         79.32275870123829
         80.21881108495518
         81.11999964805739
         82.02632675185247
         82.93779477275501
         83.85440610232192
           84.776163147289
         85.70306832960679
         86.63512408647779
          87.5723328703926
         88.51469714916745
         89.46221940598178
         90.41490213941645
         91.37274786349012
         92.33575910769899
         93.30393841705528
         94.27728835212484
         95.25581148906797
         96.23951041967723
          97.2283877514185
         98.22244610746995
         99.22168812676297
         100.2261164640228
         101.2357337898091
          102.250542790557
         103.2705461686183
         104.2957466423048
         105.3261469459287
         106.3617498298451
         107.4025580604964
         108.4485744204528
         109.4998017084576
         110.5562427394692
         111.6179003447069
         112.6847773716934
         113.7568766843006
         114.8342011627937
         115.9167537038762
         117.0045372207363
         118.0975546430919
         119.1958089172377
         120.2993030060909
         121.4080398892374
         122.5220225629807
          123.641254040388
         124.7657373513384
         125.8954755425709
         127.0304716777334
         128.1707288374306
         129.3162501192741
         130.4670386379315
         131.6230975251764
         132.7844299299377
         133.9510390183518
         135.1229279738117
         136.3000999970197
         137.4825583060386
         138.6703061363438
         139.8633467408736
         141.0616833900851
         142.2653193720058
         143.4742579922863
         144.6885025742552
          145.908056458973
         147.1329230052856
         148.3631055898816
         149.5986076073445
         150.8394324702109
         152.0855836090255
         153.3370644723968
         154.5938785270559
         155.8560292579121
         157.1235201681109
         158.3963547790922
         159.6745366306483
         160.9580692809834
         162.2469563067722
          163.541201303219
         164.8408078841201
         166.1457796819212
         167.4561203477794
         168.7718335516258
         170.0929229822249
         171.4193923472384
         172.7512453732863
         174.0884858060124
          175.431117410144
         176.7791439695588
         178.1325692873477
         179.4913971858794
          180.855631506867
         182.2252761114307
         183.6003348801667
         184.9808117132122
         186.3667105303127
         187.7580352708892
         189.1547898941062
         190.5569783789399
         191.9646047242466
          193.377672948833
         194.7961870915235
         196.2201512112337
          197.649569387039
         199.0844457182455
         200.5247843244629
         201.9705893456742
         203.4218649423118
         204.8786152953281
         206.3408446062692
         207.8085570973496
         209.2817570115268
          210.760448612576
         212.2446361851657
         213.7343240349345
         215.2295164885665
         216.7302178938696
         218.2364326198529
         219.7481650568036
         221.2654196163677
         222.7882007316284
         224.3165128571859
         225.8503604692368
         227.3897480656572
         228.9346801660816
         230.4851613119875
         232.0411960667756
         233.6027890158544
         235.1699447667233
         236.7426679490573
         238.3209632147905
         239.9048352382043
         241.4942887160097
         243.0893283674369
         244.6899589343215
         246.2961851811921
         247.9080118953581
         249.5254438870008
         251.1484859892595
         252.7771430583254
         254.4114199735299
         256.0513216374371
         257.6968529759359
         259.3480189383321
         261.0048244974428
         262.6672746496885
         264.3353744151898
          266.009128837862
         267.6885429855099
          269.373621949926
          271.064370846987
         272.7607948167513
         274.4628990235603
         276.1706886561319
         277.8841689276667
         279.6033450759452
           281.32822236343
         283.0588060773689
         284.7951015298947
         286.5371140581324
         288.2848490243006
         290.0383118158177
         291.7975078454073
         293.5624425512048
         295.3331213968639
         297.1095498716655
         298.8917334906241
         300.6796777946017
         302.4733883504119
         304.2728707509354
         306.0781306152305
         307.8891735886443
         309.7060053429286
         311.5286315763491
         313.3570580138069
         315.1912904069484
         317.0313345342851
         318.8771962013096
         320.7288812406135
         322.5863955120067
         324.4497449026383
         326.3189353271147
         328.1939727276225
          330.074863074053
         331.9616123641206
         333.8542266234912
         335.7527119059043
            337.6570742933
         339.5673198959474
         341.4834548525684
         343.4054853304696
         345.3334175256696
         347.2672576630309
         349.2070119963897
         351.1526868086914
         353.1042884121184
         355.0618231482275
         357.0252973880868
          358.994717532409
         360.9700900116868
         362.9514212863363
         364.9387178468306
         366.9319862138437
         368.9312329383892
         370.9364646019625
         372.9476878166865
         374.9649092254514
         376.9881355020634
         379.0173733513899
         381.0526295095045
         383.0939107438402
         385.1412238533336
         387.1945756685785
         389.2539730519771
         391.3194228978914
         393.3909321327989
         395.4685077154455
         397.5521566370042
         399.6418859212288
         401.7377026246153
         403.8396138365603
         405.9476266795218
           408.06174830918
          410.181985914603
         412.3083467184084
          414.440837976931
         416.5794669803866
          418.724241053044
         420.8751675533903
          423.032253874304
         425.1955074432258
          427.364935722331
         429.5405462087062
         431.7223464345208
         433.9103439672077
           436.10454640964
         438.3049614003108
         440.5115966135139
          442.724459759527
         444.9435585847934
         447.1689008721086
         449.4004944408076
         451.6383471469512
         453.8824668835143
         456.1328615805807
         458.3895392055298
         460.6525077632343
         462.9217752962551
         465.1973498850348
         467.4792396481001
         469.7674527422577
         472.0619973627955
           474.36288174369
         476.6701141578052
         478.9837029170999
         481.3036563728373
         483.6299829157912
         485.9626909764572
         488.3017890252672
         490.6472855727995
         492.9991891699976
         495.3575084083859
         497.7222519202889
         500.0934283790513
         502.4710464992614
          504.855115036974
         507.2456427899378
          509.642638597821
         512.0461113424421
         514.4560699479999
         516.8725233813092
         519.2954806520312
          521.724950812914
         524.1609429600298
         526.6034662330175
          529.052529815319
         531.5081429344287
         533.9703148621408
         536.4390549147932
         538.9143724535213
         541.3962768845065
          543.884777659234
          546.379884274749
         548.8816062739104
         551.3899532456564
          553.904934825266
         556.4265606946196
         558.9548405824723
         561.4897842647179
         564.0314015646602
         566.5797023532905
         569.1346965495566
         571.6963941206476
         574.2648050822693
         576.8399394989258
         579.4218074842105
         582.0104192010851
         584.6057848621747
         587.2079147300568
         589.8168191175562
         592.4325083880419
         595.0549929557259
         597.6842832859654
         600.3203898955637
         602.9633233530827
          605.613094279147
         608.2697133467567
         610.9331912816029
         613.6035388623858
         616.2807669211273
         618.9648863435067
         621.6559080691708
         624.3538430920713
         627.0587024607947
         629.7704972788886
         632.4892387052073
         635.2149379542476
         637.9476062964832
         640.6872550587237
         643.4338956244503
         646.1875394341724
         648.9481979857802
         651.7158828349026
         654.4906055952642
         657.2723779390523
         660.0612115972788
         662.8571183601557
          665.660110077459
         668.4701986589146
         671.2873960745679
         674.1117143551737
         676.9431655925774
         679.7817619401047
         682.6275156129592
         685.4804388886079
          688.340544107194
         691.2078436719278
         694.0823500495021
         696.9640757704969
         699.8530334297965
         702.7492356870066
         705.6526952668706
         708.5634249597074
         711.4814376218229
         714.4067461759573
         717.3393636117144
         720.2793029860028
         723.2265774234846
          726.181200117016
         729.1431843281111
          732.112543387385
         735.0892906950279
         738.0734397212617
         741.0650040068105
         744.0639971633792
         747.0704328741238
         750.0843248941439
         753.1056870509545
         756.1345332449948
         759.1708774501113
         762.2147337140625
         765.2661161590256
         768.3250389821058
         771.3915164558449
         774.4655629287525
         777.5471928258181
         780.6364206490465
          783.733260977994
         786.8377284702999
         789.9498378622415
         793.0696039692709
         796.1970416865818
         799.3321659896606
         802.4749919348578
         805.6255346599523
         808.7838093847342
         811.9498314115823
         815.1236161260524
         818.3051789974686
         821.4945355795275
          824.691701510895
         827.8966925158222
         831.1095244047583
         834.3302130749754
         837.5587745111944
         840.7952247862233
         844.0395800615901
         847.2918565881998
         850.5520707069824
         853.8202388495491
         857.0963775388653
         860.3805033899213
         863.6726331104094
         866.9727835014161
         870.2809714581042
         873.5972139704278
         876.9215281238273
         880.2539310999513
          883.594440177372
         886.9430727323185
         890.2998462394125
         893.6647782724085
         897.0378865049513
         900.4191887113257
         903.8087027672318
         907.2064466505553
         910.6124384421515
         914.0266963266308
         917.4492385931682
         920.8800836362966
         924.3192499567323
         927.7667561621928
         931.2226209682324
         934.6868631990855
         938.1595017885055
         941.6405557806363
         945.1300443308729
         948.6279867067401
         952.1344022887788
         955.6493105714378
         959.1727311639876
         962.7046837914246
         966.2451882954018
         969.7942646351607
         973.3519328884815
         976.9182132526222
         980.4931260453021
         984.0766917056669
         987.6689307952715
         991.2698639990857
         994.8795121264919
         998.4978961123118
          1002.12503701783
         1005.760956031833
         1009.405674471674
         1013.059213784314
         1016.721595547421
         1020.392841470444
         1024.072973395713
         1027.762013299551
         1031.459983293408
         1035.166905624981
         1038.882802679378
         1042.607696980267
         1046.341611191066
          1050.08456811612
         1053.836590701913
         1057.597702038271
         1061.367925359603
         1065.147284046141
         1068.935801625199
         1072.733501772443
         1076.540408313182
         1080.356545223664
         1084.181936632401
         1088.016606821493
         1091.860580227987
          1095.71388144523
         1099.576535224247
         1103.448566475157
         1107.330000268555
         1111.220861836972
         1115.121176576288
         1119.030970047235
          1122.95026797683
         1126.879096259923
          1130.81748096067
         1134.765448314098
         1138.723024727636
         1142.690236782703
         1146.667111236291
         1150.653675022568
         1154.649955254528
         1158.655979225615
         1162.671774411411
         1166.697368471318
         1170.732789250273
         1174.778064780472
         1178.833223283136
         1182.898293170277
         1186.973303046493
         1191.058281710799
         1195.153258158459
         1199.258261582858
         1203.373321377387
          1207.49846713736
         1211.633728661946
         1215.779135956142
         1219.934719232748
         1224.100508914378
         1228.276535635521
         1232.462830244569
         1236.659423805947
         1240.866347602203
         1245.083633136159
         1249.311312133102
         1253.549416542964
         1257.797978542566
         1262.057030537873
         1266.326605166288
          1270.60673529897
         1274.897454043183
         1279.198794744687
         1283.510790990145
         1287.833476609564
         1292.166885678794
         1296.511052522024
         1300.866011714329
         1305.231798084266
         1309.608446716475
         1313.995992954341
         1318.394472402675
         1322.803920930455
         1327.224374673566
         1331.655870037619
         1336.098443700793
         1340.552132616697
         1345.016974017307
         1349.493005415925
         1353.980264610171
         1358.478789685043
         1362.988619015986
         1367.509791272046
         1372.042345419033
         1376.586320722741
         1381.141756752222
         1385.708693383106
         1390.287170800949
         1394.877229504659
          1399.47891030995
         1404.092254352857
         1408.717303093298
         1413.354098318684
         1418.002682147602
         1422.663097033525
         1427.335385768588
         1432.019591487443
         1436.715757671127
         1441.423928151023
         1446.144147112873
         1450.876459100838
         1455.620909021646
         1460.377542148766
         1465.146404126683
         1469.927540975218
         1474.720999093912
         1479.526825266496
         1484.345066665406
         1489.175770856388
         1494.018985803167
          1498.87475987219
         1503.743141837433
         1508.624180885314
         1513.517926619641
         1518.424429066676
         1523.343738680266
          1528.27590634704
         1533.220983391722
         1538.179021582506
         1543.150073136516
          1548.13419072538
         1553.131427480858
         1558.141837000605
         1563.165473353985
         1568.202391088015
          1573.25264523339
         1578.316291310607
         1583.393385336216
         1588.483983829131
          1593.58814381709
         1598.705922843208
         1603.837378972624
         1608.982570799301
         1614.141557452895
         1619.314398605784
          1624.50115448019
         1629.701885855439
         1634.916654075339
          1640.14552105569
         1645.388549291926
         1650.645801866901
         1655.917342458785
         1661.203235349126
         1666.503545431055
         1671.818338217619
         1677.147679850279
         1682.491637107559
         1687.850277413844
          1693.22366884836
         1698.611880154277
         1704.014980748019
         1709.433040728743
          1714.86613088795
         1720.314322719338
         1725.777688428781
         1731.256300944543
         1736.750233927638
         1742.259561782447
         1747.784359667452
          1753.32470350627
         1758.880669998821
          1764.45233663275
         1770.039781695074
         1775.643084284025
         1781.262324321158
         1786.897582563666
         1792.548940616972
         1798.216480947533
          1803.90028689593
           1809.6004426902
         1815.317033459443
          1821.05014524771
          1826.79986502815
         1832.566280717482
         1838.349481190719
         1844.149556296236
         1849.966596871125
         1855.800694756861
         1861.651942815342
         1867.520434945189
         1873.406266098475
         1879.309532297731
         1885.230330653369
         1891.168759381455
         1897.124917821856
         1903.098906456803
         1909.090826929839
         1915.100782065173
         1921.128875887494
         1927.175213642181
          1933.23990181599
         1939.323048158177
         1945.424761702119
         1951.545152787413
         1957.684333082461
         1963.842415607598
          1970.01951475871
         1976.215746331443
         1982.431227545928
         1988.666077072099
         1994.920415055624
         2001.194363144399
          2007.48804451571
         2013.801583904022
         2020.135107629433
         2026.488743626818
         2032.862621475671
         2039.256872430679
         2045.671629453035
         2052.107027242531
          2058.56320227043
         2065.040292813199
         2071.538438987003
         2078.057782783145
           2084.5984681044
         2091.160640802187
         2097.744448714827
         2104.350041706676
           2110.9775717083
         2117.627192757783
         2124.299061042966
          2130.99333494493
         2137.710175082592
         2144.449744358485
         2151.212208005759
           2157.9977336365
         2164.806491291335
         2171.638653490393
         2178.494395285687
         2185.373894314954
         2192.277330856979
         2199.204887888528
         2206.156751142801
         2213.133109169691
         2220.134153397606
         2227.160078197235
         2234.211080947098
         2241.287362100976
         2248.389125257419
         2255.516577231289
         2262.669928127383
         2269.849391416403
         2277.055184013078
         2284.287526356816
         2291.546642494749
         2298.832760167385
         2306.146110896933
         2313.486930078419
         2320.855457073664
         2328.251935308299
         2335.676612371875
         2343.129740121217
         2350.611574787203
         2358.122377084982
         2365.662412327913
         2373.231950545296
         2380.831266604045
          2388.46064033455
         2396.120356660783
         2403.810705734943
         2411.531983076795
         2419.284489717826
         2427.068532350597
          2434.88442348336
         2442.732481600235
         2450.613031327254
         2458.526403604385
         2466.472935864055
           2474.4529722161
         2482.466863639888
          2490.51496818357
         2498.597651170981
         2506.715285416555
         2514.868251448573
         2523.056937741163
         2531.281740955539
          2539.54306619085
         2547.841327245178
         2556.176946887174
         2564.550357138855
         2572.961999570191
         2581.412325606007
         2589.901796845937
         2598.430885397999
         2607.000074226701
         2615.609857516248
         2624.260741049794
         2632.953242605673
         2641.687892371383
         2650.465233376459
         2659.285821945254
         2668.150228170845
         2677.059036411075
         2686.012845808353
         2695.012270834286
         2704.057941860933
         2713.150505760022
         2722.290626532099
         2731.478985967196
         2740.716284339342
         2750.003241136666
         2759.340595829724
          2768.72910868034
         2778.169561593731
          2787.66275901671
         2797.209528885201
         2806.810723624338
          2816.46722120485
         2826.179926259692
         2835.949771265175
          2845.77771779129
         2855.664757826256
         2865.611915180888
         2875.620246978631
         2885.690845237987
         2895.824838554343
         2906.023393889138
          2916.28771847486
         2926.619061845218
         2937.018718001014
         2947.488027722668
         2958.028381042294
         2968.641219888761
         2979.328040921097
         2990.090398566949
         3000.929908284787
         3011.848250070386
         3022.847172230765
         3033.928495450858
         3045.094117181675
         3056.346016381817
         3067.686258647931
         3079.117001774414
         3090.640501787319
         3102.259119503405
         3113.975327671888
         3125.791718763793
          3137.71101348316
         3149.736070084078
         3161.869894589885
         3174.115652024483
         3186.476678782322
         3198.956496282821
          3211.55882607733
         3224.287606604221
         3237.147011819142
         3250.141471966181
         3263.275696801139
         3276.554701633861
         3289.983836623367
         3303.568819841461
         3317.315774720254
         3331.231272623007
         3345.322381429435
         3359.596721218819
         3374.062528372582
         3388.728729722018
         3403.605028753835
           3418.7020063838
         3434.031239455418
         3449.605440967568
          3465.43862715854
         3481.546318076845
         3497.945780310515
         3514.656323351052
         3531.699664980611
         3549.100386617728
         3566.886507558526
         3585.090218825529
         3603.748835042139
         3622.906050043939
         3642.613625181852
         3662.933709998514
         3683.942114919338
         3705.733067875468
         3728.426381714917
         3752.178739598388
         3777.202465532298
         3803.799022602095
         3832.424699915559
         3863.837816645005
         3899.504680877661
          3943.24739484526
