     0.0007227175805179858
      0.003807956368145838
      0.009358539764201956
       0.01737570402344163
       0.02785960509864551
       0.04081028551482782
       0.05622776526997963
       0.07411205878019364
       0.09446317937593908
        0.1172811407990912
        0.1425659577916479
        0.1703176463448642
        0.2005362238173355
        0.2332217090030221
        0.2683741221703043
        0.3059934850677206
        0.3460798209459523
        0.3886331545614863
        0.4336535121829183
         0.481140921594698
        0.5310954120984422
         0.583517014509748
        0.6384057611629542
        0.6957616859175577
        0.7555848241538398
        0.8178752127700102
        0.8826328901831836
        0.9498578963369501
         1.019550272698589
         1.091710062252865
         1.166337309507211
         1.243432060493676
         1.322994362769723
         1.405024265412838
         1.489521819023271
         1.576487075728187
         1.665920089177433
         1.757820914543965
         1.852189608524937
         1.949026229343558
         2.048330836744658
         2.150103492001623
         2.254344257911762
         2.361053198796873
         2.470230380504734
         2.581875870407694
         2.695989737406371
         2.812572051926927
         2.931622885922541
         3.053142312870782
         3.177130407777978
         3.303587247177548
         3.432512909130483
         3.563907473225896
          3.69777102058058
         3.834103633839196
         3.972905397175206
         4.114176396291482
         4.257916718419864
         4.404126452321419
         4.552805688286702
         4.703954518137602
         4.857573035225859
         5.013661334434291
          5.17221951217457
         5.333247666390638
         5.496745896561314
         5.662714303695291
         5.831152990331572
         6.002062060544501
         6.175441619940753
         6.351291775661031
          6.52961263637965
         6.710404312304389
          6.89366691517716
         7.079400558276943
         7.267605356416761
         7.458281425944636
         7.651428884745164
         7.847047852241652
         8.045138449390905
         8.245700798689214
         8.448735024170736
         8.654241251406821
         8.862219607507509
         9.072670221122197
         9.285593222440559
         9.500988743190206
         9.718856916640602
         9.939197877602252
         10.16201176242553
         10.38729870900477
          10.6150588567745
         10.84529234671264
         11.07799932134135
         11.31317992472519
         11.55083430247205
         11.79096260173676
         12.03356497121795
         12.27864156116029
         12.52619252335455
         12.77621801113733
         13.02871817939496
         13.28369318455985
         13.54114318461185
         13.80106833908043
           14.063468809045
         14.32834475713383
         14.59569634752688
         14.86552374595419
          15.1378271196987
         15.41260663759422
         15.68986247002871
         15.96959478894121
         16.25180376782556
         16.53648958173204
         16.82365240726482
          17.1132924225828
         17.40540980740249
         17.70000474299679
         17.99707741219759
         18.29662799939139
         18.59865669052743
         18.90316367311309
         19.21014913621589
         19.51961327046359
         19.83155626804498
         20.14597832271251
         20.46287962978124
         20.78226038612862
         21.10412079019607
         21.42846104199064
          21.7552813430854
         22.08458189661754
         22.41636290729357
         22.75062458138526
          23.0873671267336
         23.42659075275074
         23.76829567041571
         24.11248209227833
         24.45915023245977
         24.80830030665374
         25.15993253212661
         25.51404712771715
         25.87064431383973
         26.22972431248263
         26.59128734720971
         26.95533364316306
         27.32186342705996
         27.69087692719549
          28.0623743734453
         28.43635599726415
         28.81282203168593
         29.19177271132642
         29.57320827238398
          29.9571289526395
          30.3435349914575
         30.73242662978714
         31.12380411016159
         31.51766767670231
         31.91401757511629
         32.31285405269872
         32.71417735833366
         33.11798774249434
         33.52428545724513
         33.93307075624065
         34.34434389472867
          34.7581051295491
         35.17435471913739
         35.59309292352204
         36.01432000432801
         36.43803622477743
         36.86424184968897
          37.2929371454812
          37.7241223801708
         38.15779782337488
         38.59396374631272
         39.03262042180585
         39.47376812427774
          39.9174071297569
          40.3635377158767
         40.81216016187775
         41.26327474860499
         41.71688175851396
         42.17298147566757
         42.63157418573958
         43.09266017601416
         43.55623973538863
         44.02231315437192
         44.49088072508683
         44.96194274127279
           45.435499498284
         45.91155129309227
         46.39009842428707
         46.87114119207693
         47.35467989829151
         47.84071484638039
          48.3292463414171
         48.82027469009712
         49.31380020074031
         49.80982318329327
         50.30834394932904
          50.8093628120473
         51.31288008627748
         51.81889608847775
         52.32741113673931
          52.8384255507842
         53.35193965196758
         53.86795376328011
         54.38646820934631
         54.90748331642784
         55.43099941242534
         55.95701682687718
         56.48553589096198
         57.01655693750062
         57.55008030095586
           58.086106317434
         58.62463532468511
         59.16566766210664
         59.70920367074267
         60.25524369328591
         60.80378807407915
         61.35483715911471
         61.90839129603878
         62.46445083414891
         63.02301612439766
         63.58408751939429
         64.14766537340452
         64.71375004235095
         65.28234188381741
         65.85344125704864
         66.42704852294996
         67.00316404409045
           67.581788184705
          68.1629213106925
         68.74656378961988
          69.3327159907231
         69.92137828490741
         70.51255104474907
         71.10623464449692
         71.70242946007316
         72.30113586907524
         72.90235425077685
         73.50608498612998
         74.11232845776628
         74.72108504999628
         75.33235514881274
          75.9461391418932
         76.56243741859802
         77.18125036997371
         77.80257838875526
         78.42642186936607
         79.05278120791893
         79.68165680221878
         80.31304905176358
         80.94695835774563
          81.5833851230536
          82.2223297522724
         82.86379265168735
          83.5077742292829
         84.15427489474445
         84.80329505946189
         85.45483513652924
         86.10889554074663
         86.76547668862194
         87.42457899837052
         88.08620288992061
         88.75034878491175
         89.41701710669665
         90.08620828034374
         90.75792273263782
         91.43216089208147
         92.10892318889724
         92.78821005502972
         93.47002192414455
         94.15435923163278
         94.84122241461213
          95.5306119119267
         96.22252816415012
         96.91697161358645
         97.61394270427245
         98.31344188197852
         99.01546959421114
         99.72002629021281
         100.4271124209653
         101.1367284391908
         101.8488747993535
         102.5635519576619
         103.2807603720686
         104.0005005022732
         104.7227728097253
         105.4475777576232
         106.1749158109183
         106.9047874363155
         107.6371931022745
         108.3721332790126
         109.1096084385048
          109.849619054488
         110.5921656024608
         111.3372485596867
         112.0848684051926
         112.8350256197741
          113.587720685996
         114.3429540881949
         115.1007263124786
         115.8610378467294
         116.6238891806079
         117.3892808055507
         118.1572132147747
         118.9276869032785
         119.7007023678444
         120.4762601070396
         121.2543606212191
         122.0350044125261
         122.8181919848951
         123.6039238440528
         124.3922004975211
         125.1830224546172
         125.9763902264576
         126.7723043259576
         127.5707652678357
         128.3717735686136
         129.1753297466194
         129.9814343219878
         130.7900878166651
         131.6012907544064
          132.415043660783
         133.2313470631792
         134.0502014907976
         134.8716074746615
         135.6955655476133
         136.5220762443198
         137.3511401012719
         138.1827576567906
         139.0169294510235
         139.8536560259484
         140.6929379253792
         141.5347756949628
         142.3791698821853
         143.2261210363709
         144.0756297086845
         144.9276964521365
         145.7823218215809
         146.6395063737195
         147.4992506671031
         148.3615552621361
         149.2264207210749
         150.0938476080322
          150.963836488979
          151.836387931746
          152.711502506027
         153.5891807833791
         154.4694233372257
         155.3522307428591
         156.2376035774425
         157.1255424200119
         158.0160478514785
         158.9091204546312
         159.8047608141375
         160.7029695165473
         161.6037471502937
         162.5070943056961
         163.4130115749622
         164.3214995521905
         165.2325588333725
         166.1461900163936
         167.0623937010374
         167.9811704889869
         168.9025209838265
         169.8264457910444
         170.7529455180361
         171.6820207741056
          172.613672170468
         173.5479003202506
         174.4847058384971
         175.4240893421693
         176.3660514501486
         177.3105927832399
         178.2577139641722
         179.2074156176023
         180.1596983701168
         181.1145628502358
         182.0720096884113
         183.0320395170324
         183.9946529704299
         184.9598506848749
         185.9276332985821
          186.898001451713
         187.8709557863801
         188.8464969466442
          189.824625578523
          190.805342329989
         191.7886478509741
          192.774542793371
         193.7630278110382
         194.7541035597984
         195.7477706974442
         196.7440298837401
         197.7428817804237
           198.74432705121
         199.7483663617926
         200.7550003798468
          201.764229775033
         202.7760552189976
         203.7904773853772
         204.8074969497985
         205.8271145898846
         206.8493309852561
          207.874146817533
         208.9015627703372
         209.9315795292965
         210.9641977820471
         211.9994182182339
         213.0372415295161
         214.0776684095702
         215.1206995540894
         216.1663356607884
         217.2145774294069
         218.2654255617102
         219.3188807614935
         220.3749437345849
         221.4336151888461
         222.4948958341773
         223.5587863825206
         224.6252875478595
         225.6944000462236
         226.7661245956925
         227.8404619163964
         228.9174127305213
         229.9969777623101
         231.0791577380657
         232.1639533861545
          233.251365437008
         234.3413946231266
         235.4340416790835
         236.5293073415267
         237.6271923491799
         238.7276974428488
         239.8308233654211
         240.9365708618719
         242.0449406792665
         243.1559335667599
         244.2695502756039
         245.3857915591484
         246.5046581728445
         247.6261508742457
         248.7502704230155
         249.8770175809255
         251.0063931118614
         252.1383977818245
         253.2730323589358
         254.4102976134396
          255.550194317703
         256.6927232462245
         257.8378851756331
          258.985680884692
         260.1361111543026
         261.2891767675074
         262.4448785094935
         263.6032171675949
         264.7641935312947
         265.9278083922318
            267.0940625442
         268.2629567831539
         269.4344919072126
         270.6086687166589
         271.7854880139464
         272.9649506037019
         274.1470572927282
         275.3318088900085
         276.5192062067059
          277.709250056171
         278.9019412539442
         280.0972806177587
         281.2952689675417
         282.4959071254207
         283.6991959157252
         284.9051361649911
          286.113728701964
         287.3249743576005
         288.5388739650742
         289.7554283597786
         290.9746383793295
          292.196504863568
         293.4210286545663
         294.6482105966289
         295.8780515362969
         297.1105523223512
         298.3457138058168
         299.5835368399651
         300.8240222803194
         302.0671709846554
         303.3129838130061
         304.5614616276665
          305.812605293198
         307.0664156764266
         308.3228936464513
         309.5820400746479
         310.8438558346705
         312.1083418024554
         313.3754988562247
         314.6453278764922
         315.9178297460625
         317.1930053500391
         318.4708555758257
         319.7513813131322
         321.0345834539748
         322.3204628926829
         323.6090205259009
         324.9002572525931
         326.1941739740442
         327.4907715938702
         328.7900510180159
         330.0920131547602
         331.3966589147212
         332.7039892108583
         334.0140049584775
         335.3267070752345
         336.6420964811376
         337.9601740985553
         339.2809408522142
         340.6043976692083
          341.930545479001
         343.2593852134277
         344.5909178067016
         345.9251441954166
         347.2620653185521
          348.601682117475
          349.943995535947
         351.2890065201271
         352.6367160185729
         353.9871249822489
         355.3402343645281
         356.6960451211964
         358.0545582104579
         359.4157745929374
          360.779695231684
          362.146321092178
         363.5156531423317
         364.8876923524973
         366.2624396954663
         367.6398961464783
         369.0200626832227
         370.4029402858433
         371.7885299369423
         373.1768326215848
         374.5678493273037
         375.9615810441031
         377.3580287644617
         378.7571934833398
         380.1590761981806
         381.5636779089168
          382.970999617974
          384.381042330275
         385.7938070532428
         387.2092947968089
         388.6275065734138
         390.0484433980115
         391.4721062880775
         392.8984962636102
         394.3276143471348
         395.7594615637108
         397.1940389409342
         398.6313475089418
         400.0713883004169
         401.5141623505936
         402.9596706972608
         404.4079143807664
         405.8588944440236
         407.3126119325149
         408.7690678942928
         410.2282633799921
         411.6901994428289
         413.1548771386044
         414.6222975257145
         416.0924616651494
         417.5653706205039
         419.0410254579745
         420.5194272463719
         422.0005770571214
         423.4844759642678
         424.9711250444822
         426.4605253770638
         427.9526780439477
         429.4475841297082
          430.945244721565
         432.4456609093835
          433.948833785688
         435.4547644456578
         436.9634539871377
         438.4749035106416
         439.9891141193556
         441.5060869191459
         443.0258230185617
         444.5483235288401
         446.0735895639143
         447.6016222404132
          449.132422677672
          450.665991997732
           452.20233132535
         453.7414417880017
         455.2833245158868
         456.8279806419336
         458.3754113018053
          459.925617633903
         461.4786007793749
         463.0343618821175
         464.5929020887829
         466.1542225487833
         467.7183244142971
         469.2852088402724
         470.8548769844337
         472.4273300072884
         474.0025690721271
         475.5805953450368
         477.1614099949002
         478.7450141934011
         480.3314091150336
         481.9205959371048
         483.5125758397414
         485.1073500058931
         486.7049196213406
         488.3052858747003
         489.9084499574301
         491.5144130638338
         493.1231763910659
         494.7347411391408
         496.3491085109345
         497.9662797121932
         499.5862559515351
         501.2090384404613
         502.8346283933575
         504.4630270275006
         506.0942355630646
          507.728255223127
         509.3650872336726
         511.0047328236025
         512.6471932247348
         514.2924696718181
         515.9405634025273
         517.5914756574804
         519.2452076802335
         520.9017607172965
         522.5611360181322
          524.223334835163
         525.8883584237839
         527.5562080423566
         529.2268849522255
         530.9003904177174
         532.5767257061533
         534.2558920878492
          535.937890836125
         537.6227232273085
         539.3103905407453
          541.000894058799
         542.6942350668635
         544.3904148533657
         546.0894347097737
         547.7912959305974
         549.4959998134055
         551.2035476588186
         552.9139407705276
         554.6271804552925
           556.34326802295
         558.0622047864221
         559.7839920617195
         561.5086311679509
         563.2361234273283
         564.9664701651711
          566.699672709915
         568.4357323931223
         570.1746505494772
         571.9164285168041
         573.6610676360669
         575.4085692513809
         577.1589347100145
         578.9121653623964
         580.6682625621254
         582.4272276659754
         584.1890620339016
         585.9537670290468
         587.7213440177497
         589.4917943695492
         591.2651194571962
         593.0413206566526
         594.8203993471056
         596.6023569109715
         598.3871947338997
         600.1749142047859
         601.9655167157722
         603.7590036622596
           605.55537644291
         607.3546364596608
         609.1567851177215
         610.9618238255898
         612.7697539950534
         614.5805770411998
         616.3942943824209
         618.2109074404239
         620.0304176402324
         621.8528264102029
         623.6781351820197
         625.5063453907148
         627.3374584746656
         629.1714758756073
          631.008399038639
         632.8482294122305
         634.6909684482274
         636.5366176018653
          638.385178331769
         640.2366520999686
         642.0910403718974
         643.9483446164057
         645.8085663057684
         647.6717069156891
         649.5377679253111
         651.4067508172217
          653.278657077462
          655.153488195537
         657.0312456644166
         658.9119309805485
         660.7955456438651
         662.6820911577894
         664.5715690292446
         666.4639807686638
         668.3593278899907
         670.2576119106969
         672.1588343517809
         674.0629967377846
         675.9701005967927
         677.8801474604488
         679.7931388639569
         681.7090763460911
         683.6279614492084
         685.5497957192486
         687.4745807057515
         689.4023179618547
         691.3330090443134
         693.2666555134975
         695.2032589334094
         697.1428208716841
          699.085342899604
         701.0308265921032
         702.9792735277778
         704.9306852888921
         706.8850634613914
         708.8424096349053
         710.8027254027589
         712.7660123619803
         714.7322721133149
         716.7015062612188
         718.6737164138858
         720.6489041832455
         722.6270711849745
         724.6082190385022
         726.5923493670242
         728.5794637975101
         730.5695639607073
         732.5626514911565
         734.5587280271972
         736.5577952109767
         738.5598546884596
         740.5649081094368
         742.5729571275326
         744.5840034002186
         746.5980485888157
         748.6150943585085
         750.6351423783536
         752.6581943212876
         754.6842518641357
         756.7133166876226
         758.7453904763826
         760.7804749189639
         762.8185717078441
         764.8596825394354
          766.903809114095
         768.9509531361372
         771.0011163138378
         773.0543003594482
         775.1105069892009
         777.1697379233249
         779.2319948860469
         781.2972796056081
         783.3655938142707
         785.4369392483291
         787.5113176481185
         789.5887307580232
         791.6691803264896
         793.7526681060364
         795.8391958532574
         797.9287653288399
         800.0213782975729
         802.1170365283538
         804.2157417941996
         806.3174958722576
         808.4223005438153
         810.5301575943106
         812.6410688133443
         814.7550359946842
          816.872060936283
         818.9921454402808
         821.1152913130232
         823.2415003650642
         825.3707744111823
         827.5031152703864
         829.6385247659331
         831.7770047253269
         833.9185569803435
         836.0631833670269
         838.2108857257108
         840.3616659010223
         842.5155257418974
         844.6724671015901
         846.8324918376795
         848.9956018120878
         851.1617988910854
         853.3310849453027
         855.5034618497451
         857.6789314837973
         859.8574957312414
         862.0391564802602
         864.2239156234577
         866.4117750578623
         868.6027366849387
         870.7968024106058
         872.9939741452411
         875.1942538036951
         877.3976433053001
         879.6041445738869
         881.8137595377896
         884.0264901298617
         886.2423382874847
         888.4613059525838
         890.6833950716334
         892.9086075956791
         895.1369454803336
         897.3684106858026
         899.6030051768917
         901.8407309230159
         904.0815898982131
         906.3255840811602
         908.5727154551771
         910.8229860082467
         913.0763977330191
         915.3329526268315
         917.5926526917144
         919.8554999344085
          922.121496366371
         924.3906440037964
         926.6629448676168
         928.9384009835293
         931.2170143819963
         933.4987870982615
         935.7837211723653
          938.071818649154
         940.3630815782943
         942.6575120142858
         944.9551120164712
         947.2558836490537
         949.5598289811056
         951.8669500865818
         954.1772490443378
         956.4907279381353
          958.807388856658
         961.1272338935294
         963.4502651473165
         965.7764847215524
         968.1058947247416
         970.4384972703814
         972.7742944769676
         975.1132884680122
         977.4554813720565
         979.8008753226824
         982.1494724585276
         984.5012749232988
          986.856284865788
         989.2145044398816
         991.5759358045754
         993.9405811239909
         996.3084425673871
         998.6795223091761
         1001.053822528932
         1003.431345411412
         1005.812093146567
         1008.196067929554
         1010.583271960755
         1012.973707445786
         1015.367376595513
         1017.764281626071
         1020.164424758871
         1022.567808220617
         1024.974434243327
         1027.384305064337
         1029.797422926321
         1032.213790077307
         1034.633408770688
         1037.056281265243
         1039.482409825144
         1041.911796719975
         1044.344444224749
         1046.780354619919
         1049.219530191393
         1051.661973230557
         1054.107686034275
         1056.556670904925
          1059.00893015039
         1061.464466084098
         1063.923281025016
         1066.385377297682
         1068.850757232213
         1071.319423164316
         1073.791377435317
         1076.266622392162
         1078.745160387445
         1081.226993779416
         1083.712124931998
         1086.200556214811
         1088.692290003175
         1091.187328678135
         1093.685674626478
         1096.187330240742
         1098.692297919242
         1101.200580066074
         1103.712179091148
         1106.227097410187
         1108.745337444755
         1111.266901622272
          1113.79179237603
         1116.320012145203
         1118.851563374878
         1121.386448516056
         1123.924670025686
         1126.466230366667
         1129.011132007872
         1131.559377424166
         1134.110969096422
         1136.665909511536
         1139.224201162451
         1141.785846548164
         1144.350848173754
         1146.919208550397
         1149.490930195376
         1152.066015632111
         1154.644467390169
         1157.226288005283
         1159.811480019372
         1162.400045980555
         1164.991988443178
         1167.587309967821
         1170.186013121323
         1172.788100476802
         1175.393574613666
         1178.002438117639
         1180.614693580779
         1183.230343601489
         1185.849390784544
         1188.471837741108
         1191.097687088753
         1193.726941451473
         1196.359603459712
         1198.995675750373
         1201.635160966849
         1204.278061759033
         1206.924380783336
         1209.574120702718
           1212.2272841867
         1214.883873911376
         1217.543892559453
         1220.207342820246
         1222.874227389723
         1225.544548970504
         1228.218310271891
         1230.895514009892
         1233.576162907229
         1236.260259693373
         1238.947807104548
         1241.638807883771
         1244.333264780853
         1247.031180552431
         1249.732557961988
         1252.437399779878
         1255.145708783325
         1257.857487756476
         1260.572739490401
         1263.291466783118
         1266.013672439621
         1268.739359271887
         1271.468530098916
         1274.201187746739
         1276.937335048447
         1279.676974844204
          1282.42010998128
         1285.166743314068
         1287.916877704101
         1290.670516020083
         1293.427661137906
         1296.188315940672
         1298.952483318717
         1301.720166169638
           1304.4913673983
         1307.266089916881
          1310.04433664488
         1312.826110509141
         1315.611414443878
         1318.400251390701
         1321.192624298639
         1323.988536124153
         1326.787989831175
         1329.590988391119
         1332.397534782917
         1335.207631993022
         1338.021283015463
          1340.83849085183
         1343.659258511338
          1346.48358901082
         1349.311485374772
         1352.142950635359
         1354.977987832459
         1357.816600013671
         1360.658790234349
         1363.504561557622
         1366.353917054428
         1369.206859803523
         1372.063392891522
         1374.923519412914
          1377.78724247009
          1380.65456517337
         1383.525490641032
         1386.400021999328
         1389.278162382516
          1392.15991493289
         1395.045282800792
         1397.934269144653
         1400.826877131017
         1403.723109934556
         1406.622970738109
         1409.526462732701
         1412.433589117578
         1415.344353100222
         1418.258757896387
         1421.176806730126
         1424.098502833813
          1427.02384944817
         1429.952849822303
         1432.885507213719
         1435.821824888366
         1438.761806120644
         1441.705454193451
         1444.652772398194
         1447.603764034833
         1450.558432411899
         1453.516780846522
         1456.478812664474
         1459.444531200171
         1462.413939796728
         1465.387041805979
         1468.363840588499
         1471.344339513636
         1474.328541959554
         1477.316451313242
         1480.308070970556
         1483.303404336249
         1486.302454823996
         1489.305225856427
         1492.311720865149
         1495.321943290795
         1498.335896583036
          1501.35358420062
         1504.375009611401
         1507.400176292375
         1510.429087729696
         1513.461747418724
         1516.498158864053
         1519.538325579534
          1522.58225108831
         1525.629938922857
         1528.681392625001
         1531.736615745961
         1534.795611846377
         1537.858384496344
          1540.92493727544
          1543.99527377277
         1547.069397586981
         1550.147312326311
         1553.229021608613
         1556.314529061401
         1559.403838321855
         1562.496953036889
         1565.593876863166
          1568.69461346713
         1571.799166525047
         1574.907539723041
         1578.019736757121
         1581.135761333219
         1584.255617167224
         1587.379307985025
         1590.506837522526
         1593.638209525703
         1596.773427750632
         1599.912495963515
         1603.055417940729
         1606.202197468856
         1609.352838344714
         1612.507344375409
         1615.665719378351
         1618.827967181307
         1621.994091622427
          1625.16409655029
          1628.33798582393
          1631.51576331289
         1634.697432897236
         1637.882998467616
          1641.07246392529
         1644.265833182165
         1647.463110160835
         1650.664298794623
         1653.869403027616
         1657.078426814699
         1660.291374121608
         1663.508248924958
         1666.729055212279
         1669.953796982064
         1673.182478243817
         1676.415103018061
         1679.651675336419
         1682.892199241622
         1686.136678787565
         1689.385118039346
         1692.637521073308
         1695.893891977067
         1699.154234849571
         1702.418553801138
         1705.686852953489
         1708.959136439791
         1712.235408404707
         1715.515673004437
         1718.799934406754
          1722.08819679105
         1725.380464348383
         1728.676741281511
         1731.977031804948
         1735.281340144989
         1738.589670539783
         1741.902027239341
         1745.218414505611
         1748.538836612501
         1751.863297845946
         1755.191802503924
         1758.524354896526
         1761.860959345992
         1765.201620186753
         1768.546341765483
         1771.895128441144
         1775.247984585028
         1778.604914580807
         1781.965922824582
         1785.331013724927
         1788.700191702932
         1792.073461192258
         1795.450826639182
         1798.832292502649
         1802.217863254305
         1805.607543378566
         1809.001337372655
         1812.399249746651
         1815.801285023539
         1819.207447739264
         1822.617742442782
         1826.032173696091
         1829.450746074309
         1832.873464165709
         1836.300332571762
         1839.731355907214
         1843.166538800108
          1846.60588589185
          1850.04940183727
          1853.49709130465
         1856.948958975804
         1860.405009546099
         1863.865247724544
         1867.329678233811
         1870.798305810308
         1874.271135204227
         1877.748171179594
         1881.229418514335
         1884.714882000309
         1888.204566443395
         1891.698476663513
         1895.196617494703
         1898.698993785172
         1902.205610397345
         1905.716472207936
         1909.231584107993
         1912.750951002956
         1916.274577812715
         1919.802469471675
         1923.334630928798
         1926.871067147683
         1930.411783106596
          1933.95678379856
         1937.506074231391
         1941.059659427768
         1944.617544425286
         1948.179734276528
         1951.746234049109
         1955.317048825753
         1958.892183704337
         1962.471643797972
         1966.055434235046
         1969.643560159296
         1973.236026729873
         1976.832839121396
         1980.434002524022
         1984.039522143501
         1987.649403201255
         1991.263650934425
         1994.882270595945
         1998.505267454603
         2002.132646795113
         2005.764413918168
         2009.400574140524
         2013.041132795039
         2016.686095230772
         2020.335466813025
         2023.989252923419
         2027.647458959969
         2031.310090337136
         2034.977152485907
         2038.648650853864
          2042.32459090525
         2046.004978121032
         2049.689817998988
         2053.379116053762
         2057.072877816934
         2060.771108837109
         2064.473814679975
         2068.181000928352
         2071.892673182331
         2075.608837059267
         2079.329498193913
         2083.054662238462
         2086.784334862625
         2090.518521753714
         2094.257228616712
         2098.000461174351
         2101.748225167187
          2105.50052635366
         2109.257370510203
         2113.018763431295
         2116.784710929536
         2120.555218835746
         2124.330292999027
         2128.109939286825
         2131.894163585065
         2135.682971798171
         2139.476369849178
         2143.274363679793
         2147.076959250513
         2150.884162540645
         2154.695979548468
         2158.512416291224
         2162.333478805293
         2166.159173146196
         2169.989505388738
         2173.824481627057
         2177.664107974724
         2181.508390564834
         2185.357335550064
         2189.210949102802
         2193.069237415184
         2196.932206699232
         2200.799863186907
         2204.672213130198
         2208.549262801243
         2212.431018492379
         2216.317486516251
         2220.208673205909
         2224.104584914887
          2228.00522801729
          2231.91060890791
         2235.820734002291
         2239.735609736838
         2243.655242568902
         2247.579638976897
         2251.508805460353
         2255.442748540056
         2259.381474758112
         2263.324990678052
         2267.273302884951
         2271.226417985485
         2275.184342608072
         2279.147083402934
         2283.114647042221
         2287.087040220103
         2291.064269652873
          2295.04634207904
          2299.03326425944
         2303.025042977346
         2307.021685038542
         2311.023197271462
         2315.029586527274
         2319.040859679988
         2323.057023626563
         2327.078085287018
         2331.104051604531
         2335.134929545557
         2339.170726099916
         2343.211448280932
         2347.257103125526
         2351.307697694314
         2355.363239071745
         2359.423734366195
         2363.489190710075
         2367.559615259968
         2371.635015196718
         2375.715397725567
         2379.800770076234
          2383.89113950308
         2387.986513285184
         2392.086898726489
         2396.192303155887
         2400.302733927385
         2404.418198420179
         2408.538704038796
         2412.664258213224
         2416.794868399013
         2420.930542077406
         2425.071286755472
         2429.217109966224
         2433.368019268733
         2437.524022248266
         2441.685126516431
          2445.85133971125
         2450.022669497352
         2454.199123566045
         2458.380709635508
         2462.567435450845
         2466.759308784297
         2470.956337435313
         2475.158529230712
         2479.365892024818
         2483.578433699579
          2487.79616216472
         2492.019085357871
          2496.24721124472
         2500.480547819109
         2504.719103103227
         2508.962885147732
         2513.211902031867
         2517.466161863631
         2521.725672779924
         2525.990442946674
          2530.26048055898
          2534.53579384129
         2538.816391047506
         2543.102280461165
         2547.393470395566
         2551.689969193948
         2555.991785229593
         2560.298926906037
         2564.611402657178
         2568.929220947447
         2573.252390271973
         2577.580919156714
         2581.914816158646
         2586.254089865889
         2590.598748897888
         2594.948801905569
         2599.304257571504
          2603.66512461005
         2608.031411767557
         2612.403127822493
         2616.780281585616
         2621.162881900168
         2625.550937642018
         2629.944457719838
         2634.343451075264
           2638.7479266831
         2643.157893551449
         2647.573360721922
         2651.994337269777
         2656.420832304148
          2660.85285496816
          2665.29041443917
         2669.733519928891
         2674.182180683609
         2678.636405984367
         2683.096205147128
         2687.561587522965
          2692.03256249827
         2696.509139494911
         2700.991327970458
         2705.479137418308
         2709.972577367967
         2714.471657385177
         2718.976387072124
         2723.486776067662
         2728.002834047457
         2732.524570724248
         2737.051995847993
         2741.585119206125
         2746.123950623697
         2750.668499963625
          2755.21877712688
         2759.774792052712
         2764.336554718825
         2768.904075141631
         2773.477363376427
         2778.056429517625
         2782.641283698958
         2787.231936093709
         2791.828396914927
         2796.430676415631
         2801.038784889045
          2805.65273266883
         2810.272530129288
         2814.898187685593
          2819.52971579404
         2824.167124952247
         2828.810425699399
         2833.459628616485
         2838.114744326525
         2842.775783494807
          2847.44275682914
         2852.115675080066
         2856.794549041124
         2861.479389549098
         2866.170207484233
         2870.867013770513
           2875.5698193759
         2880.278635312584
          2884.99347263722
         2889.714342451221
         2894.441255900979
         2899.174224178139
         2903.913258519856
         2908.658370209062
         2913.409570574731
         2918.166870992129
         2922.930282883114
          2927.69981771638
         2932.475487007732
         2937.257302320384
           2942.0452752652
         2946.839417501006
         2951.639740734865
         2956.446256722329
         2961.258977267771
         2966.077914224644
         2970.903079495771
         2975.734485033659
         2980.572142840767
          2985.41606496982
         2990.266263524104
         2995.122750657771
         2999.985538576122
         3004.854639535946
         3009.730065845819
         3014.611829866389
         3019.499944010727
          3024.39442074461
         3029.295272586879
         3034.202512109715
         3039.116151938998
         3044.036204754615
         3048.962683290797
         3053.895600336446
         3058.834968735468
         3063.780801387122
         3068.733111246344
         3073.691911324097
         3078.657214687714
          3083.62903446125
         3088.607383825834
         3093.592276020014
         3098.583724340114
         3103.581742140604
          3108.58634283446
         3113.597539893517
         3118.615346848855
         3123.639777291148
         3128.670844871065
         3133.708563299638
         3138.752946348614
         3143.804007850897
         3148.861761700877
         3153.926221854861
         3158.997402331443
         3164.075317211903
          3169.15998064063
         3174.251406825495
         3179.349610038275
         3184.454604615057
         3189.566404956662
          3194.68502552904
         3199.810480863724
         3204.942785558222
          3210.08195427646
         3215.228001749222
         3220.380942774561
         3225.540792218271
         3230.707565014302
         3235.881276165206
         3241.061940742609
          3246.24957388766
         3251.444190811473
         3256.645806795605
          3261.85443719251
         3267.070097426026
         3272.292802991833
         3277.522569457938
         3282.759412465174
          3288.00334772764
         3293.254391033252
         3298.512558244194
         3303.777865297444
          3309.05032820526
         3314.329963055704
          3319.61678601314
         3324.910813318785
         3330.212061291166
         3335.520546326721
         3340.836284900296
         3346.159293565665
         3351.489588956118
         3356.827187784951
         3362.172106846075
         3367.524363014529
         3372.883973247046
         3378.250954582663
         3383.625324143226
         3389.007099134024
         3394.396296844332
         3399.792934648026
         3405.197030004163
         3410.608600457574
         3416.027663639483
         3421.454237268098
         3426.888339149255
         3432.329987177008
         3437.779199334258
         3443.235993693419
         3448.700388417016
         3454.172401758355
         3459.652052062161
         3465.139357765235
         3470.634337397137
         3476.137009580809
          3481.64739303331
          3487.16550656645
         3492.691369087501
         3498.224999599888
         3503.766417203879
         3509.315641097315
          3514.87269057632
         3520.437585035987
         3526.010343971171
         3531.590986977166
         3537.179533750473
         3542.776004089572
         3548.380417895627
         3553.992795173301
         3559.613156031491
         3565.241520684155
         3570.877909451026
         3576.522342758488
         3582.174841140331
         3587.835425238562
         3593.504115804253
         3599.180933698343
         3604.865899892475
         3610.559035469857
         3616.260361626099
         3621.969899670092
         3627.687671024839
         3633.413697228377
         3639.147999934647
         3644.890600914385
         3650.641522056021
          3656.40078536663
         3662.168412972805
         3667.944427121632
         3673.728850181602
         3679.521704643598
         3685.323013121817
         3691.132798354773
         3696.951083206271
         3702.777890666387
         3708.613243852492
         3714.457166010257
         3720.309680514658
         3726.170810871051
         3732.040580716166
         3737.919013819218
         3743.806134082938
         3749.701965544653
         3755.606532377398
         3761.519858890999
           3767.4419695332
         3773.372888890762
         3779.312641690656
         3785.261252801138
         3791.218747232982
           3797.1851501406
         3803.160486823277
         3809.144782726322
          3815.13806344233
         3821.140354712365
         3827.151682427238
         3833.172072628738
         3839.201551510895
         3845.240145421289
         3851.287880862313
         3857.344784492515
         3863.410883127874
         3869.486203743209
         3875.570773473476
         3881.664619615151
         3887.767769627631
         3893.880251134617
         3900.002091925543
         3906.133319956989
         3912.273963354154
         3918.424050412301
          3924.58360959825
         3930.752669551875
         3936.931259087602
         3943.119407195973
         3949.317143045178
         3955.524495982612
         3961.741495536502
         3967.968171417459
         3974.204553520134
         3980.450671924874
         3986.706556899353
         3992.972238900259
         3999.247748575003
         4005.533116763459
         4011.828374499666
         4018.133553013625
         4024.448683733056
         4030.773798285225
         4037.108928498752
         4043.454106405484
         4049.809364242344
         4056.174734453206
         4062.550249690871
         4068.935942818954
         4075.331846913848
         4081.737995266766
         4088.154421385666
         4094.581158997375
         4101.018242049584
         4107.465704712949
         4113.923581383262
         4120.391906683479
         4126.870715465983
         4133.360042814755
         4139.859924047541
         4146.370394718168
         4152.891490618779
         4159.423247782142
         4165.965702483999
         4172.518891245442
         4179.082850835258
         4185.657618272384
         4192.243230828381
         4198.839726029887
         4205.447141661165
         4212.065515766624
         4218.694886653439
         4225.335292894134
         4231.986773329259
         4238.649367070101
         4245.323113501348
         4252.008052283864
         4258.704223357549
         4265.411666944091
         4272.130423549878
         4278.860533968882
          4285.60203928564
         4292.354980878235
         4299.119400421281
         4305.895339889037
         4312.682841558532
         4319.481948012642
         4326.292702143351
         4333.115147155017
         4339.949326567536
         4346.795284219815
         4353.653064273042
         4360.522711214145
         4367.404269859303
         4374.297785357396
         4381.203303193582
         4388.120869192995
         4395.050529524297
         4401.992330703491
         4408.946319597638
         4415.912543428713
         4422.891049777505
         4429.881886587489
         4436.885102168898
         4443.900745202727
         4450.928864744838
         4457.969510230188
         4465.022731477004
         4472.088578691073
         4479.167102470165
          4486.25835380837
         4493.362384100653
         4500.479245147343
          4507.60898915885
         4514.751668760224
         4521.907336996027
         4529.076047335114
         4536.257853675529
         4543.452810349528
         4550.660972128597
         4557.882394228584
         4565.117132314929
         4572.365242507932
         4579.626781388176
         4586.901806001894
         4594.190373866606
         4601.492542976652
         4608.808371809027
         4616.137919329044
         4623.481244996312
         4630.838408770765
         4638.209471118643
         4645.594493018729
         4652.993535968683
         4660.406661991284
         4667.833933641063
         4675.275414010809
         4682.731166738283
         4690.201256013021
         4697.685746583266
         4705.184703762993
          4712.69819343904
         4720.226282078387
         4727.769036735572
         4735.326525060123
         4742.898815304256
         4750.485976330661
         4758.088077620331
         4765.705189280607
         4773.337382053381
         4780.984727323374
         4788.647297126589
         4796.325164158879
         4804.018401784759
         4811.727084046226
         4819.451285671839
         4827.191082085936
         4834.946549417989
         4842.717764512134
         4850.504804936888
         4858.307748995046
          4866.12667573369
         4873.961664954444
         4881.812797223899
         4889.680153884209
         4897.563817063929
         4905.463869688941
         4913.380395493696
         4921.313479032666
         4929.263205691846
         4937.229661700695
         4945.212934144143
         4953.213110974853
         4961.230281025762
         4969.264534022845
          4977.31596059801
         4985.384652302471
         4993.470701620142
         5001.574201981395
         5009.695247777121
         5017.833934372957
         5025.990358123936
         5034.164616389251
         5042.356807547433
         5050.567031011831
         5058.795387246314
         5067.041977781342
         5075.306905230394
         5083.590273306644
         5091.892186840015
         5100.212751794626
         5108.552075286523
         5116.910265601769
         5125.287432215005
         5133.683685808312
         5142.099138290439
         5150.533902816573
          5158.98809380832
         5167.461826974317
          5175.95521933113
         5184.468389224686
         5193.001456352137
         5201.554541784103
         5210.127767987662
         5218.721258849485
         5227.335139699752
         5235.969537336508
         5244.624580050515
         5253.300397650697
         5261.997121490147
         5270.714884492741
         5279.453821180329
         5288.214067700546
         5296.995761855178
         5305.799043129484
         5314.624052721689
         5323.470933573622
         5332.339830401857
         5341.230889729611
         5350.144259919412
         5359.080091206459
         5368.038535733014
          5377.01974758321
         5386.023882819224
         5395.051099517825
         5404.101557808159
         5413.175419910265
          5422.27285017468
         5431.394015122875
         5440.539083488897
         5449.708226261848
         5458.901616729569
         5468.119430523431
          5477.36184566418
         5486.629042609052
         5495.921204300058
         5505.238516213596
         5514.581166411197
         5523.949345591833
          5533.34324714542
         5542.763067207838
         5552.209004717463
         5561.681261473037
         5571.180042193493
          5580.70555457888
         5590.258009373457
         5599.837620430289
         5609.444604777621
         5619.079182687306
          5628.74157774487
         5638.432016921922
         5648.150730650312
         5657.897952898695
         5667.673921251038
         5677.478876987705
          5687.31306516871
         5697.176734719566
         5707.070138519613
         5716.993533493076
         5726.947180702729
         5736.931345446609
         5746.946297357574
         5756.992310505936
         5767.069663505298
         5777.178639621794
         5787.319526886575
         5797.492618212146
         5807.698211512163
         5817.936609825273
         5828.208121442908
         5838.513060041313
         5848.851744817836
         5859.224500631927
          5869.63165815059
         5880.073553999116
         5890.550530916643
         5901.062937917127
         5911.611130456081
         5922.195470602834
         5932.816327219009
         5943.474076143467
         5954.169100383446
         5964.901790313199
         5975.672543879213
         5986.481766813429
         5997.329872854179
         6008.217283975362
          6019.14443062416
         6030.111751968128
         6041.119696151187
         6052.168720560097
         6063.259292100938
         6074.391887486588
          6085.56699353574
         6096.785107483603
          6108.04673730566
         6119.352402054049
         6130.702632208537
         6142.097970041265
         6153.538969997752
         6165.026199093296
         6176.560237326848
         6188.141678112705
         6199.771128730976
         6211.449210798176
         6223.176560758649
         6234.953830398444
         6246.781687382102
         6258.660815815131
         6270.591916831524
         6282.575709209965
         6294.612930018946
         6306.704335292951
         6318.850700741674
         6331.052822494264
         6343.311517880537
         6355.627626251683
         6368.002009842753
         6380.435554679937
         6392.929171534945
         6405.483796930062
         6418.100394197258
         6430.779954594241
         6443.523498482404
         6456.332076569875
         6469.206771224937
         6482.148697864428
         6495.159006422378
         6508.238882905078
         6521.389551038478
         6534.612274015031
         6547.908356347487
         6561.279145837671
         6574.726035669338
         6588.250466634647
         6601.853929505137
         6615.537967559005
         6629.304179277182
         6643.154221222678
           6657.0898111189
         6671.112731143437
         6685.224831457194
         6699.428033989317
         6713.724336500936
         6728.115816954403
         6742.604638215623
         6757.193053122467
         6771.883409953823
         6786.678158340491
         6801.579855661069
         6816.591173974482
          6831.71490754405
         6846.953981018158
         6862.311458338227
         6877.790552456063
         6893.394635953099
         6909.127252666264
         6924.992130441647
         6940.993195152946
         6957.134586143382
         6973.420673273093
         6989.856075782772
         7006.445683218087
         7023.194678699403
         7040.108564868569
         7057.193192903529
         7074.454795059323
         7091.900021279154
          7109.53598052064
          7127.37028756893
         7145.411116261982
         7163.667260244977
         7182.148202610923
         7200.864196083119
         7219.826355777574
         7239.046767067014
         7258.538611693163
         7278.316316085245
          7298.39572690374
         7318.794320239793
         7339.531452783751
         7360.628665840273
         7382.110056584103
         7404.002735863434
         7426.337398816458
         7449.149044615357
         7472.477896430544
         7496.370594944777
         7520.881773016633
         7546.076173406785
         7572.031560320979
         7598.842826223145
         7626.627962092321
         7655.537055584138
         7685.766462310532
         7717.582382030643
         7751.362943770193
         7787.680752793637
         7827.487930219668
         7872.626570931875
         7927.901422263946
