      0.003703171935363971
      0.008567273882770532
       0.01331283314900825
        0.0178649152315082
       0.02215944800885962
        0.0261389588216492
       0.02975348900632112
       0.03296156440051126
       0.03573093070790986
       0.03803900543544414
       0.03987303553258088
       0.04122996577840037
       0.04211603480966362
       0.04254612555058759
       0.04254290488405803
       0.04213579352112479
       0.04135981098431315
       0.04025434241373139
       0.03886187362804965
       0.03722673857663439
       0.03539391939730094
       0.03340793394390609
       0.03131183931912234
       0.02914637296531465
       0.02694924565953951
       0.02475459366232175
       0.02259259059806154
        0.0204892136697576
       0.01846615374523065
       0.01654085478711939
       0.01472666514653075
       0.01303308136626231
       0.01146606430751508
        0.0100284075254136
      0.008720138729243309
       0.00753893673354484
      0.006480548359312928
      0.005539192122534052
      0.004707938087925261
      0.003979055835938362
      0.003344324963355275
      0.002795304824468808
      0.002323562244895631
      0.001920857662195736
      0.001579291541903561
      0.001291413982632245
      0.001050301173452454
     0.0008496028273783072
     0.0006835649218705876
     0.0005470320723526489
     0.0004354336897742062
     0.0003447577716315502
     0.0002715157866794268
     0.0002127016725826741
     0.0001657475033579447
     0.0001284779243376594
     9.906501570769152e-05
     7.598484507246532e-05
     5.797661391175294e-05
     4.400499680308567e-05
     3.322601715134921e-05
     2.495659739196131e-05
     1.864776180804472e-05
     1.386135149869686e-05
     1.025002819695912e-05
     7.540290839395541e-06
     5.518200406233407e-06
     4.017499293279053e-06
     2.909816594671149e-06
     2.096666034127168e-06
     1.502965411223055e-06
       1.0718325119106e-06
     7.604402615137351e-07
     5.367418172949456e-07
     3.769031220312567e-07
     2.633053818651253e-07
     1.830025209183641e-07
     1.265386788391087e-07
     8.704821656377237e-08
     5.957557089618998e-08
     4.056482642661433e-08
     2.747928046885074e-08
     1.851981318109918e-08
     1.241779472933124e-08
     8.283808326266331e-09
     5.497867856012874e-09
     3.630263827825848e-09
     2.384858444013799e-09
      1.55872101203561e-09
     1.013576025767374e-09
     6.557331922546921e-10
     4.220671972749424e-10
     2.702839646760841e-10
     1.722042314142054e-10
     1.091572997289217e-10
     6.884108489447226e-11
     4.319456226862613e-11
     2.696480929902964e-11
     1.674761443301803e-11
     1.034894944205563e-11
     6.362497726677116e-12
     3.891772092617721e-12
     2.368404257657841e-12
     1.434013372103562e-12
     8.638527782927463e-13
     5.177446686598293e-13
      3.08731597506611e-13
     1.831623542396959e-13
     1.081138092039595e-13
     6.349156540823766e-14
     3.709717918077086e-14
     2.156531358508131e-14
     1.247270732923645e-14
      7.17721166878128e-15
     4.109044348381565e-15
     2.340539178333913e-15
     1.326419674047158e-15
      7.47886799686296e-16
     4.195469368992193e-16
     2.341611790353505e-16
     1.300285604746134e-16
     7.183762627376309e-17
     3.948702171969893e-17
     2.159463051867037e-17
     1.174967790454853e-17
     6.360550473164342e-18
     3.425719188021969e-18
     1.835679563890311e-18
     9.786553316021707e-19
     5.190989487557071e-19
     2.739414281444493e-19
     1.438308819500638e-19
     7.513340944133498e-20
     3.904812860123846e-20
     2.019078305416915e-20
     1.038703344425374e-20
     5.316366766332534e-21
     2.707216380422732e-21
     1.371561271974872e-21
     6.913392826212619e-22
     3.466974006228017e-22
     1.729787709201096e-22
     8.586524766276682e-23
     4.240567307532326e-23
     2.083588309024265e-23
     1.018546289932279e-23
     4.953703601296359e-24
      2.39695079118533e-24
     1.153898286463295e-24
     5.526557490471465e-25
     2.633419467631986e-25
     1.248426556303275e-25
     5.888205677709537e-26
     2.762990302947192e-26
     1.289886665661924e-26
     5.990994573603369e-27
     2.768349039379973e-27
     1.272672524274487e-27
     5.820841020764479e-28
     2.648667178286387e-28
     1.199060090908823e-28
     5.400397496996477e-29
     2.419808682784787e-29
     1.078713595564469e-29
     4.784101400355094e-30
      2.11087723196682e-30
     9.266019609442404e-31
     4.046600662876215e-31
     1.758140669520122e-31
     7.599451809667349e-32
     3.267950796598707e-32
     1.398081750737864e-32
      5.95048884126288e-33
     2.519619382357296e-33
     1.061398917956608e-33
     4.448185840130202e-34
     1.854585916880319e-34
     7.692542477333148e-35
     3.174321496750503e-35
     1.303134132785494e-35
     5.322107784842168e-36
     2.162388234319897e-36
     8.740539631069184e-37
      3.51476668246383e-37
     1.406071902697837e-37
     5.595906129014011e-38
      2.21556375455778e-38
     8.726660747571888e-39
     3.419487379812427e-39
     1.332975112234473e-39
     5.169282218101289e-40
     1.994273172747239e-40
      7.65392634388457e-41
     2.922322588306394e-41
     1.109980336257203e-41
     4.194156862921841e-42
     1.576577407014654e-42
     5.895574836109453e-43
     2.193189798564907e-43
     8.116418767559581e-44
      2.98806335653755e-44
     1.094337374446598e-44
     3.987013231766854e-45
      1.44503401162736e-45
     5.210043288418961e-46
     1.868686204931505e-46
     6.667486102308175e-47
     2.366559611756082e-47
     8.356054371702728e-48
     2.935029201393325e-48
     1.025533447099992e-48
     3.564612531368404e-49
     1.232533645922271e-49
     4.239435565238798e-50
     1.450570812447103e-50
     4.937308923992708e-51
     1.671710084123608e-51
     5.630535883658679e-52
     1.886493930842597e-52
     6.287482724006797e-53
     2.084551824913013e-53
     6.874828503509146e-54
     2.255397493023388e-54
     7.360293520899158e-55
     2.389333355399647e-55
     7.715546207377265e-56
      2.47835585264239e-56
     7.918928825286403e-57
     2.516944992312763e-57
     7.957638966883812e-58
     2.502630118665281e-58
     7.829061900301313e-59
     2.436251388129137e-59
      7.54106119467992e-60
      2.32187852427305e-60
     7.111182940856287e-61
     2.166397719091349e-61
     6.564885501537466e-62
     1.978824995753965e-62
     5.933043244492663e-63
     1.769441282081166e-63
     5.249064683176455e-64
     1.548864496762986e-64
     4.545998120608366e-65
     1.327174387778255e-65
      3.85396905675707e-66
     1.113187999507507e-66
     3.198213339627288e-67
      9.13952277536116e-68
     2.597857511176163e-68
     7.344823911477348e-69
     2.065476366379546e-69
     5.777372507211512e-70
     1.607349497516017e-70
     4.447936473892668e-71
     1.224259926475502e-71
     3.351613850108134e-72
     9.126370125003447e-73
     2.471749211632537e-73
     6.658423479241094e-74
     1.784011101587383e-74
     4.754241761856291e-75
     1.260146315894735e-75
     3.322118418999241e-76
     8.710881001541394e-77
     2.271748730451178e-77
      5.89261604460051e-78
      1.52021151334377e-78
     3.900733606725437e-79
     9.954818282519484e-80
     2.526757197116481e-80
     6.378743913175513e-81
     1.601572655231775e-81
     3.999413231516521e-82
     9.933044758913254e-83
     2.453597384566216e-83
     6.027778811612587e-84
     1.472796392107776e-84
     3.578967870472662e-85
     8.649696113821083e-86
     2.079074881205579e-86
     4.970086007023194e-87
      1.18162703527852e-87
     2.793945414103855e-88
     6.570140099201035e-89
      1.53655737718102e-89
      3.57386863792775e-90
     8.266891631227878e-91
     1.901769834030013e-91
     4.350948069965437e-92
     9.899613907906229e-93
     2.240057634612611e-93
     5.040862633207031e-94
      1.12811510799351e-94
     2.510747206852887e-95
     5.557144751383845e-96
     1.223200633741298e-96
     2.677559074486755e-97
     5.828729492765811e-98
     1.261828418823893e-98
     2.716541554430184e-99
    5.815942655371511e-100
    1.238253755079181e-100
      2.6217001378506e-101
    5.519989428535125e-102
    1.155775200736903e-102
    2.406503039766897e-103
    4.982822141602094e-104
    1.025978560274132e-104
    2.100743870185696e-105
    4.277379904951523e-106
    8.660648555759711e-107
    1.743768538155792e-107
    3.491331135870679e-108
    6.951122899644369e-109
    1.376190464913211e-109
    2.709316195356495e-110
    5.303912151399634e-111
    1.032491133731482e-111
    1.998607936822949e-112
    3.846963190277259e-113
    7.363011312899836e-114
    1.401321469595556e-114
    2.651934552254829e-115
    4.990319843538769e-116
    9.337537112198748e-117
    1.737290698684972e-117
    3.214005728222178e-118
    5.912247282071815e-119
    1.081404341237689e-119
     1.96675821787379e-120
    3.556632115381355e-121
    6.395135864928967e-122
    1.143355281061681e-122
     2.03250186902218e-123
    3.592499756753262e-124
    6.313588747605267e-125
    1.103233079085287e-125
    1.916758457068757e-126
    3.311115278109596e-127
    5.687032051408413e-128
     9.71178730425317e-129
    1.648968653099716e-129
    2.783703756205396e-130
    4.672277465144942e-131
    7.796987446500436e-132
    1.293645364757779e-132
    2.133985246326126e-133
    3.499878214423285e-134
    5.706861790249432e-135
    9.251714589606943e-136
    1.491162874538885e-136
    2.389480253959333e-137
    3.806754136365446e-138
    6.029436546471249e-139
     9.49438056648985e-140
    1.486353205064886e-140
    2.313344740861932e-141
    3.579472970727406e-142
    5.506246545755568e-143
    8.420686179444467e-144
    1.280241761237059e-144
    1.935024988120287e-145
    2.907559673520377e-146
    4.343257165713203e-147
    6.449776527336917e-148
    9.521675080324942e-149
    1.397394261166053e-149
    2.038725659470675e-150
    2.956855991705116e-151
    4.263148013994124e-152
    6.110219223097354e-153
    8.705758044835976e-154
    1.233039749785569e-154
    1.736063060949756e-155
    2.429791947775535e-156
    3.380532209612931e-157
    4.675312854440457e-158
     6.42751479613983e-159
    8.783740285040781e-160
    1.193210463444646e-160
    1.611212952477637e-161
    2.162640370218709e-162
     2.88541489064104e-163
     3.82667828310747e-164
    5.044550330858715e-165
    6.610082547496301e-166
    8.609388378897111e-167
    1.114591619077839e-167
    1.434281355270457e-168
    1.834531084013446e-169
    2.332302944274819e-170
    2.947209564322507e-171
    3.701691660023598e-172
    4.621145126383074e-173
    5.733978823540366e-174
    7.071582662144859e-175
    8.668184710283211e-176
    1.056057611346079e-176
    1.278768387414265e-177
     1.53899741884118e-178
    1.840867324796254e-179
    2.188479828195156e-180
    2.585799913989356e-181
    3.036521979434377e-182
    3.543919953633357e-183
    4.110684497343203e-184
    4.738751571142304e-185
    5.429127817141344e-186
    6.181719262991648e-187
      6.9951707472209e-188
    7.866724099765119e-189
    8.792103414227291e-190
    9.765435650706422e-191
    1.077921426004069e-191
    1.182431249464912e-192
    1.289005156745848e-193
    1.396432687134259e-194
    1.503379314118723e-195
    1.608410682722989e-196
    1.710022117542479e-197
    1.806672672832184e-198
    1.896822732903864e-199
    1.978973939638057e-200
    2.051710040033976e-201
    2.113737124043386e-202
    2.163921672214437e-203
    2.201324860668994e-204
    2.225231679622286e-205
    2.235173607754605e-206
    2.230943840628591e-207
    2.212604383418429e-208
    2.180484670727684e-209
    2.135171748864893e-210
    2.077492428168636e-211
    2.008488163482585e-212
     1.92938373014444e-213
    1.841551013741983e-214
    1.746469411659738e-215
    1.645684444399011e-216
    1.540766191937278e-217
    1.433269106848484e-218
    1.324694618671441e-219
    1.216457744196691e-220
    1.109858670513771e-221
    1.006059998341186e-222
    9.060700399555184e-224
     8.10732275971125e-225
    7.207208039308348e-226
    6.365413725486136e-227
    5.585373983813782e-228
    4.869002135984964e-229
    4.216826972287738e-230
    3.628153974950527e-231
    3.101242561393915e-232
    2.633490910477535e-233
    2.221620733363276e-234
     1.86185540532841e-235
    1.550086094777916e-236
     1.28202182211241e-237
    1.053320673729782e-238
    8.597006174941547e-240
    6.970294620317657e-241
    5.613944359287909e-242
    4.491526128631353e-243
    3.569639673941099e-244
    2.818092191395143e-245
    2.209948251883381e-246
    1.721475340962434e-247
    1.332008461249606e-248
    1.023755617000378e-249
    7.815637133475846e-251
    5.926617128574597e-252
    4.463950261096746e-253
    3.339622572953577e-254
    2.481627242425924e-255
    1.831607271043919e-256
    1.342704146077695e-257
    9.776332156335114e-259
    7.069922934088322e-260
    5.077991462828517e-261
    3.622456913963847e-262
    2.566515337776318e-263
    1.805964659035355e-264
     1.26210280085769e-265
    8.759829281207611e-267
    6.038197144992785e-268
    4.133566712341667e-269
    2.810243094189974e-270
    1.897401929813542e-271
    1.272232567339043e-272
    8.471505342157739e-274
     5.60191793655813e-275
    3.678663881823726e-276
    2.398920200519683e-277
    1.553491611595919e-278
    9.989977433901371e-280
    6.379367574084216e-281
    4.045230627217278e-282
    2.547161481167589e-283
     1.59262000988636e-284
    9.887927993424042e-286
    6.095800914909304e-287
    3.731500429656783e-288
    2.268079753488121e-289
    1.368831810432147e-290
     8.20263920179836e-292
    4.880492685068616e-293
    2.883201650631659e-294
    1.691151034712845e-295
    9.848736170002239e-297
    5.694610427862216e-298
    3.269095380188899e-299
    1.863227324947686e-300
    1.054322251414446e-301
    5.923041045097708e-303
    3.303501386182992e-304
     1.82918291807022e-305
    1.005511764015533e-306
    5.487303791950711e-308
    2.972809693307362e-309
    1.598843163430688e-310
    8.536299416043084e-312
    4.524314365461288e-313
    2.380397988793526e-314
    1.243238130446798e-315
    6.445569052135048e-317
    3.317146864865212e-318
    1.694546352106307e-319
    8.591801581179277e-321
     4.34777768340297e-322
    1.976262583364986e-323
                         0
                         0
                         0
                         0
                         0
                         0
                         0
                         0
                         0
                         0
                         0
                         0
                         0
                         0
                         0
                         0
                         0
                         0
                         0
                         0
                         0
                         0
                         0
                         0
                         0
                         0
                         0
                         0
                         0
                         0
                         0
                         0
                         0
                         0
                         0
                         0
                         0
                         0
                         0
                         0
                         0
                         0
                         0
                         0
                         0
                         0
                         0
                         0
                         0
                         0
                         0
                         0
                         0
                         0
                         0
                         0
                         0
                         0
                         0
                         0
                         0
                         0
                         0
                         0
                         0
                         0
                         0
                         0
                         0
                         0
                         0
                         0
                         0
                         0
                         0
                         0
                         0
                         0
                         0
                         0
                         0
                         0
                         0
                         0
                         0
                         0
                         0
                         0
                         0
                         0
                         0
                         0
                         0
                         0
                         0
                         0
                         0
                         0
                         0
                         0
                         0
                         0
                         0
                         0
                         0
                         0
                         0
                         0
                         0
                         0
                         0
                         0
                         0
                         0
                         0
                         0
                         0
                         0
                         0
                         0
                         0
                         0
                         0
                         0
                         0
                         0
                         0
                         0
                         0
                         0
                         0
                         0
                         0
                         0
                         0
                         0
                         0
                         0
                         0
                         0
                         0
                         0
                         0
                         0
                         0
                         0
                         0
                         0
                         0
                         0
                         0
                         0
                         0
                         0
                         0
                         0
                         0
                         0
                         0
                         0
                         0
                         0
                         0
                         0
                         0
                         0
                         0
                         0
                         0
                         0
                         0
                         0
                         0
                         0
                         0
                         0
                         0
                         0
                         0
                         0
                         0
                         0
                         0
                         0
                         0
                         0
                         0
                         0
                         0
                         0
                         0
                         0
                         0
                         0
                         0
                         0
                         0
                         0
                         0
                         0
                         0
                         0
                         0
                         0
                         0
                         0
                         0
                         0
                         0
                         0
                         0
                         0
                         0
                         0
                         0
                         0
                         0
                         0
                         0
                         0
                         0
                         0
                         0
                         0
                         0
                         0
                         0
                         0
                         0
                         0
                         0
                         0
                         0
                         0
                         0
                         0
                         0
                         0
                         0
                         0
                         0
                         0
                         0
                         0
                         0
                         0
                         0
                         0
                         0
                         0
                         0
                         0
                         0
                         0
                         0
                         0
                         0
                         0
                         0
                         0
                         0
                         0
                         0
                         0
                         0
                         0
                         0
                         0
                         0
                         0
                         0
                         0
                         0
                         0
                         0
                         0
                         0
                         0
                         0
                         0
                         0
                         0
                         0
                         0
                         0
                         0
                         0
                         0
                         0
                         0
                         0
                         0
                         0
                         0
                         0
                         0
                         0
                         0
                         0
                         0
                         0
                         0
                         0
                         0
                         0
                         0
                         0
                         0
                         0
                         0
                         0
                         0
                         0
                         0
                         0
                         0
                         0
                         0
                         0
                         0
                         0
                         0
                         0
                         0
                         0
                         0
                         0
                         0
                         0
                         0
                         0
                         0
                         0
                         0
                         0
                         0
                         0
                         0
                         0
                         0
                         0
                         0
                         0
                         0
                         0
                         0
                         0
                         0
                         0
                         0
                         0
                         0
                         0
                         0
                         0
                         0
                         0
                         0
                         0
                         0
                         0
                         0
                         0
                         0
                         0
                         0
                         0
                         0
                         0
                         0
                         0
                         0
                         0
                         0
                         0
                         0
                         0
                         0
                         0
                         0
                         0
                         0
                         0
                         0
                         0
                         0
                         0
                         0
                         0
                         0
                         0
                         0
                         0
                         0
                         0
                         0
                         0
                         0
                         0
                         0
                         0
                         0
                         0
                         0
                         0
                         0
                         0
                         0
                         0
                         0
                         0
                         0
                         0
                         0
                         0
                         0
                         0
                         0
                         0
                         0
                         0
                         0
                         0
                         0
                         0
                         0
                         0
                         0
                         0
                         0
                         0
                         0
                         0
                         0
                         0
                         0
                         0
                         0
                         0
                         0
                         0
                         0
                         0
                         0
                         0
                         0
                         0
                         0
                         0
                         0
                         0
                         0
                         0
                         0
                         0
                         0
                         0
                         0
                         0
                         0
                         0
                         0
                         0
                         0
                         0
                         0
                         0
                         0
