#      0+
 #X
 -0.028766 -0.000000  0.986514  0.000000 -0.195302  0.000000  0.012357  0.000000  0.016536  0.000000  0.007132 -0.000000  0.000000  0.000000  0.000000  0.000000
  0.999079  0.000000  0.005567  0.000000 -0.000980  0.000000  0.001012  0.000000  0.001349  0.000000 -0.000256 -0.000000 -0.000000  0.000000 -0.000000  0.000000
 -0.023215 -0.000000 -0.132719 -0.000000  0.800604  0.000000  0.005915  0.000000  0.006458  0.000000  0.015380 -0.000000  0.577338  0.000000 -0.003802  0.000000
  0.016415 -0.000000  0.093846  0.000000 -0.566113  0.000000 -0.004182  0.000000 -0.004567  0.000000 -0.010875 -0.000000  0.816479  0.000000 -0.005377  0.000000

 #Y
  0.012357 -0.000000  0.016536  0.000000  0.007132  0.000000 -0.028766  0.000000  0.986514  0.000000 -0.195302 -0.000000  0.000000  0.000000 -0.000000  0.000000
  0.001012 -0.000000  0.001349  0.000000 -0.000256  0.000000  0.999079  0.000000  0.005567  0.000000 -0.000980 -0.000000 -0.000000  0.000000 -0.000000  0.000000
  0.005915 -0.000000  0.006458  0.000000  0.015380  0.000000 -0.023215  0.000000 -0.132719  0.000000  0.800604  0.000000 -0.003802  0.000000  0.577338  0.000000
 -0.004182 -0.000000 -0.004567  0.000000 -0.010875  0.000000  0.016415  0.000000  0.093846  0.000000 -0.566113 -0.000000 -0.005377  0.000000  0.816479  0.000000

#      1+
 #X
  0.027441  0.000000 -0.013327  0.000000 -0.000000  0.000000  0.997745  0.000000 -0.018271 -0.000000 -0.000000 -0.000000  0.105304 -0.000000 -0.000000 -0.000000  0.000000 -0.000000  0.000000 -0.000000 -0.000000 -0.000000 -0.000000  0.000000 -0.000000 -0.000000 -0.013263 -0.000000 -0.000000 -0.000000  0.000000 -0.000000  0.000000 -0.000000  0.000000  0.000000
 -0.000000  0.000000  0.000000  0.000000 -0.037806  0.000000 -0.000000  0.000000 -0.000000 -0.000000 -0.004546 -0.000000  0.000000 -0.000000  0.939001  0.000000  0.346971 -0.000000 -0.000000 -0.000000  0.000000 -0.000000  0.032106  0.000000 -0.008332 -0.000000  0.000000 -0.000000  0.005259 -0.000000 -0.000000 -0.000000  0.000000 -0.000000 -0.019527  0.000000
  0.999144  0.000000 -0.001033  0.000000  0.000000  0.000000 -0.005726  0.000000 -0.001268 -0.000000 -0.000000 -0.000000 -0.000468 -0.000000  0.000000 -0.000000  0.000000 -0.000000 -0.000000 -0.000000 -0.000000 -0.000000  0.000000  0.000000  0.000000 -0.000000 -0.000122 -0.000000  0.000000 -0.000000  0.000000 -0.000000  0.000000 -0.000000 -0.000000  0.000000
 -0.000000  0.000000 -0.000000  0.000000  0.999095  0.000000 -0.000000  0.000000  0.000000 -0.000000 -0.000434 -0.000000  0.000000 -0.000000  0.004872 -0.000000  0.005303 -0.000000 -0.000000 -0.000000 -0.000000 -0.000000  0.004442  0.000000 -0.000539 -0.000000 -0.000000 -0.000000 -0.000056 -0.000000  0.000000 -0.000000  0.000000 -0.000000 -0.002441  0.000000
  0.016202  0.000000 -0.005135  0.000000 -0.002689  0.000000  0.038420  0.000000 -0.007473 -0.000000 -0.000623 -0.000000  0.604977  0.000000 -0.002602 -0.000000 -0.018320 -0.000000  0.745340  0.000000 -0.000000 -0.000000  0.269983  0.000000 -0.000844 -0.000000 -0.014182 -0.000000 -0.000255 -0.000000  0.004813 -0.000000  0.000000 -0.000000 -0.001348  0.000000
  0.014491  0.000000 -0.004593  0.000000  0.003006  0.000000  0.034364  0.000000 -0.006684 -0.000000  0.000697 -0.000000  0.541108 -0.000000  0.002909 -0.000000  0.020483 -0.000000 -0.333326 -0.000000 -0.707091 -0.000000 -0.301850  0.000000  0.000943 -0.000000 -0.012685 -0.000000  0.000285 -0.000000 -0.002152 -0.000000 -0.004656 -0.000000  0.001507  0.000000
 -0.000000  0.000000  0.000000  0.000000  0.015353  0.000000  0.000000  0.000000  0.000000 -0.000000  0.004600 -0.000000  0.000000 -0.000000 -0.343511 -0.000000  0.935401  0.000000 -0.000000 -0.000000 -0.000000 -0.000000  0.119330  0.000000  0.009148 -0.000000 -0.000000 -0.000000 -0.006919 -0.000000  0.000000 -0.000000 -0.000000 -0.000000  0.016526  0.000000
  0.014491  0.000000 -0.004593  0.000000  0.003006  0.000000  0.034364  0.000000 -0.006684 -0.000000  0.000697 -0.000000  0.541108 -0.000000  0.002909 -0.000000  0.020483 -0.000000 -0.333326 -0.000000  0.707091  0.000000 -0.301850  0.000000  0.000943 -0.000000 -0.012685 -0.000000  0.000285 -0.000000 -0.002152 -0.000000  0.004656 -0.000000  0.001507  0.000000
  0.005123  0.000000 -0.001624  0.000000 -0.008503  0.000000  0.012149  0.000000 -0.002363 -0.000000 -0.001970 -0.000000  0.191310 -0.000000 -0.008228 -0.000000 -0.057934 -0.000000 -0.471395 -0.000000 -0.000000 -0.000000  0.853761  0.000000 -0.002668 -0.000000 -0.004485 -0.000000 -0.000806 -0.000000 -0.003044 -0.000000  0.000000 -0.000000 -0.004262  0.000000

 #Y
 -0.013327  0.000000  0.027441  0.000000  0.000000  0.000000 -0.018271  0.000000  0.997745  0.000000  0.000000 -0.000000 -0.013263 -0.000000 -0.000000 -0.000000 -0.000000 -0.000000 -0.000000 -0.000000  0.000000 -0.000000  0.000000  0.000000  0.000000 -0.000000  0.105304 -0.000000  0.000000 -0.000000  0.000000 -0.000000 -0.000000 -0.000000 -0.000000  0.000000
  0.000000  0.000000 -0.000000  0.000000 -0.004546  0.000000  0.000000  0.000000 -0.000000 -0.000000 -0.037806 -0.000000 -0.000000 -0.000000 -0.008332 -0.000000  0.005259 -0.000000 -0.000000 -0.000000  0.000000 -0.000000 -0.019527  0.000000  0.939001  0.000000  0.000000 -0.000000  0.346971 -0.000000  0.000000 -0.000000 -0.000000 -0.000000  0.032106  0.000000
 -0.001033  0.000000  0.999144  0.000000  0.000000  0.000000 -0.001268  0.000000 -0.005726 -0.000000  0.000000 -0.000000 -0.000122 -0.000000  0.000000 -0.000000 -0.000000 -0.000000 -0.000000 -0.000000 -0.000000 -0.000000  0.000000  0.000000  0.000000 -0.000000 -0.000468 -0.000000  0.000000 -0.000000  0.000000 -0.000000 -0.000000 -0.000000 -0.000000  0.000000
  0.000000  0.000000 -0.000000  0.000000 -0.000434  0.000000  0.000000  0.000000  0.000000 -0.000000  0.999095  0.000000  0.000000 -0.000000 -0.000539 -0.000000 -0.000056 -0.000000  0.000000 -0.000000  0.000000 -0.000000 -0.002441  0.000000  0.004872 -0.000000  0.000000 -0.000000  0.005303 -0.000000 -0.000000 -0.000000 -0.000000 -0.000000  0.004442  0.000000
 -0.005135  0.000000  0.016202  0.000000 -0.000623  0.000000 -0.007473  0.000000  0.038420 -0.000000 -0.002689 -0.000000 -0.014182 -0.000000 -0.000844 -0.000000 -0.000255 -0.000000  0.004813 -0.000000  0.000000 -0.000000 -0.001348  0.000000 -0.002602 -0.000000  0.604977  0.000000 -0.018320 -0.000000  0.745340  0.000000 -0.000000 -0.000000  0.269983  0.000000
 -0.004593  0.000000  0.014491  0.000000  0.000697  0.000000 -0.006684  0.000000  0.034364 -0.000000  0.003006 -0.000000 -0.012685 -0.000000  0.000943 -0.000000  0.000285 -0.000000 -0.002152 -0.000000 -0.004656 -0.000000  0.001507  0.000000  0.002909 -0.000000  0.541108 -0.000000  0.020483 -0.000000 -0.333326 -0.000000 -0.707091 -0.000000 -0.301850  0.000000
 -0.000000  0.000000  0.000000  0.000000  0.004600  0.000000 -0.000000  0.000000 -0.000000 -0.000000  0.015353 -0.000000  0.000000 -0.000000  0.009148 -0.000000 -0.006919 -0.000000 -0.000000 -0.000000 -0.000000 -0.000000  0.016526  0.000000 -0.343511 -0.000000 -0.000000 -0.000000  0.935401  0.000000 -0.000000 -0.000000 -0.000000 -0.000000  0.119330  0.000000
 -0.004593  0.000000  0.014491  0.000000  0.000697  0.000000 -0.006684  0.000000  0.034364 -0.000000  0.003006 -0.000000 -0.012685 -0.000000  0.000943 -0.000000  0.000285 -0.000000 -0.002152 -0.000000  0.004656 -0.000000  0.001507  0.000000  0.002909 -0.000000  0.541108 -0.000000  0.020483 -0.000000 -0.333326 -0.000000  0.707091  0.000000 -0.301850  0.000000
 -0.001624  0.000000  0.005123  0.000000 -0.001970  0.000000 -0.002363  0.000000  0.012149 -0.000000 -0.008503 -0.000000 -0.004485 -0.000000 -0.002668 -0.000000 -0.000806 -0.000000 -0.003044 -0.000000  0.000000 -0.000000 -0.004262  0.000000 -0.008228 -0.000000  0.191310 -0.000000 -0.057934 -0.000000 -0.471395 -0.000000 -0.000000 -0.000000  0.853761  0.000000

#      2+
 #X
 -0.029285  0.000000 -0.020297 -0.000000  0.003521  0.000000 -0.003565  0.000000  0.727347  0.000000  0.006454  0.000000 -0.590392  0.000000  0.268763 -0.000000 -0.003426 -0.000000  0.219065 -0.000000 -0.004074 -0.000000  0.024869 -0.000000  0.082604  0.000000  0.011392  0.000000  0.007545  0.000000 -0.015126  0.000000  0.000000 -0.000000 -0.000000  0.000000 -0.000000 -0.000000  0.000000 -0.000000
 -0.023911  0.000000  0.024859 -0.000000  0.002875  0.000000  0.004366  0.000000  0.593876  0.000000  0.005270  0.000000  0.723079  0.000000  0.219444 -0.000000  0.004196 -0.000000 -0.268299 -0.000000 -0.003326 -0.000000  0.020306 -0.000000 -0.101169  0.000000 -0.013952  0.000000 -0.009240  0.000000 -0.012350  0.000000  0.000000 -0.000000  0.000000  0.000000 -0.000000 -0.000000  0.000000 -0.000000
  0.631883  0.000000  0.774090  0.000000  0.000274  0.000000  0.000384  0.000000  0.003081  0.000000  0.000341  0.000000 -0.005580  0.000000  0.003354 -0.000000  0.000520 -0.000000 -0.000865 -0.000000  0.000035 -0.000000  0.002809 -0.000000 -0.002946  0.000000 -0.001715  0.000000 -0.000304  0.000000 -0.001544  0.000000 -0.000000 -0.000000  0.000000  0.000000  0.000000 -0.000000  0.000000 -0.000000
  0.773895  0.000000 -0.632042 -0.000000  0.000336  0.000000 -0.000313  0.000000  0.003774  0.000000  0.000417  0.000000  0.004556  0.000000  0.004107 -0.000000 -0.000425 -0.000000  0.000706 -0.000000  0.000043 -0.000000  0.003440 -0.000000  0.002405  0.000000  0.001400  0.000000  0.000248  0.000000 -0.001891  0.000000  0.000000 -0.000000 -0.000000  0.000000  0.000000 -0.000000  0.000000 -0.000000
 -0.000000  0.000000 -0.005772 -0.000000  0.000000  0.000000 -0.001460  0.000000  0.000000  0.000000 -0.000000  0.000000 -0.028764  0.000000 -0.000000 -0.000000 -0.002006 -0.000000  0.042321 -0.000000 -0.000000 -0.000000 -0.000000 -0.000000 -0.553133  0.000000  0.002383  0.000000  0.000962  0.000000 -0.000000  0.000000  0.000000 -0.000000  0.816479  0.000000 -0.000000 -0.000000 -0.005377 -0.000000
  0.006986  0.000000  0.005772 -0.000000 -0.001619  0.000000  0.001460  0.000000  0.006760  0.000000 -0.002192  0.000000  0.028764  0.000000  0.047597 -0.000000  0.002006 -0.000000 -0.042321 -0.000000 -0.000662 -0.000000 -0.701436 -0.000000  0.553133  0.000000 -0.002383  0.000000 -0.000962  0.000000  0.003501  0.000000 -0.000000 -0.000000  0.408239  0.000000 -0.000000 -0.000000 -0.002688 -0.000000
  0.009476  0.000000 -0.007845 -0.000000 -0.002839  0.000000 -0.004326  0.000000 -0.212019  0.000000 -0.005646  0.000000  0.268324  0.000000  0.577342 -0.000000 -0.003611 -0.000000  0.706829  0.000000  0.004271 -0.000000  0.073652 -0.000000  0.191968  0.000000  0.011260  0.000000  0.010520  0.000000  0.010200  0.000000 -0.218217 -0.000000 -0.000000  0.000000  0.000415 -0.000000 -0.000000 -0.000000
  0.009672  0.000000  0.003203 -0.000000 -0.002897  0.000000  0.001766  0.000000 -0.216391  0.000000 -0.005762  0.000000 -0.109543  0.000000  0.589247  0.000000  0.001474 -0.000000 -0.288562 -0.000000  0.004359 -0.000000  0.075171 -0.000000 -0.078371  0.000000 -0.004597  0.000000 -0.004295  0.000000  0.010411  0.000000  0.712695  0.000000  0.000000  0.000000 -0.001357 -0.000000 -0.000000 -0.000000
 -0.006986  0.000000  0.005772 -0.000000  0.001619  0.000000  0.001460  0.000000 -0.006760  0.000000  0.002192  0.000000  0.028764  0.000000 -0.047597 -0.000000  0.002006 -0.000000 -0.042321 -0.000000  0.000662 -0.000000  0.701436  0.000000  0.553133  0.000000 -0.002383  0.000000 -0.000962  0.000000 -0.003501  0.000000 -0.000000 -0.000000  0.408239  0.000000 -0.000000 -0.000000 -0.002688 -0.000000
  0.007238  0.000000  0.005992 -0.000000 -0.002168  0.000000  0.003304  0.000000 -0.161932  0.000000 -0.004312  0.000000 -0.204936  0.000000  0.440952 -0.000000  0.002758 -0.000000 -0.539850 -0.000000  0.003262 -0.000000  0.056253 -0.000000 -0.146618  0.000000 -0.008600  0.000000 -0.008035  0.000000  0.007791  0.000000 -0.666665 -0.000000  0.000000  0.000000  0.001269 -0.000000  0.000000 -0.000000

 #Y
  0.003521  0.000000 -0.003565 -0.000000 -0.029285  0.000000 -0.020297  0.000000  0.006454  0.000000  0.727347  0.000000 -0.003426  0.000000 -0.004074 -0.000000 -0.590392 -0.000000  0.007545 -0.000000  0.268763 -0.000000  0.015126 -0.000000 -0.011392  0.000000 -0.082604  0.000000  0.219065  0.000000 -0.024869  0.000000 -0.000000 -0.000000  0.000000  0.000000  0.000000 -0.000000  0.000000 -0.000000
  0.002875  0.000000  0.004366 -0.000000 -0.023911  0.000000  0.024859  0.000000  0.005270  0.000000  0.593876  0.000000  0.004196  0.000000 -0.003326 -0.000000  0.723079  0.000000 -0.009240 -0.000000  0.219444 -0.000000  0.012350 -0.000000  0.013952  0.000000  0.101169  0.000000 -0.268299  0.000000 -0.020306  0.000000  0.000000 -0.000000 -0.000000  0.000000 -0.000000 -0.000000 -0.000000 -0.000000
  0.000274  0.000000  0.000384 -0.000000  0.631883  0.000000  0.774090  0.000000  0.000341  0.000000  0.003081  0.000000  0.000520  0.000000  0.000035 -0.000000 -0.005580 -0.000000 -0.000304 -0.000000  0.003354 -0.000000  0.001544 -0.000000  0.001715  0.000000  0.002946  0.000000 -0.000865  0.000000 -0.002809  0.000000 -0.000000 -0.000000 -0.000000  0.000000  0.000000 -0.000000  0.000000 -0.000000
  0.000336  0.000000 -0.000313 -0.000000  0.773895  0.000000 -0.632042  0.000000  0.000417  0.000000  0.003774  0.000000 -0.000425  0.000000  0.000043 -0.000000  0.004556 -0.000000  0.000248 -0.000000  0.004107 -0.000000  0.001891 -0.000000 -0.001400  0.000000 -0.002405  0.000000  0.000706  0.000000 -0.003440  0.000000 -0.000000 -0.000000  0.000000  0.000000  0.000000 -0.000000  0.000000 -0.000000
 -0.000000  0.000000 -0.001460 -0.000000  0.000000  0.000000 -0.005772  0.000000  0.000000  0.000000 -0.000000  0.000000 -0.002006  0.000000 -0.000000 -0.000000 -0.028764 -0.000000  0.000962 -0.000000  0.000000 -0.000000 -0.000000 -0.000000 -0.002383  0.000000  0.553133  0.000000  0.042321  0.000000  0.000000  0.000000 -0.000000 -0.000000 -0.005377  0.000000 -0.000000 -0.000000  0.816479  0.000000
 -0.001619  0.000000  0.001460 -0.000000  0.006986  0.000000  0.005772  0.000000 -0.002192  0.000000  0.006760  0.000000  0.002006  0.000000 -0.000662 -0.000000  0.028764 -0.000000 -0.000962 -0.000000  0.047597 -0.000000 -0.003501 -0.000000  0.002383  0.000000 -0.553133  0.000000 -0.042321  0.000000  0.701436  0.000000 -0.000000 -0.000000 -0.002688  0.000000  0.000000 -0.000000  0.408239 -0.000000
 -0.002839  0.000000 -0.004326 -0.000000  0.009476  0.000000 -0.007845  0.000000 -0.005646  0.000000 -0.212019  0.000000 -0.003611  0.000000  0.004271 -0.000000  0.268324 -0.000000  0.010520 -0.000000  0.577342 -0.000000 -0.010200 -0.000000 -0.011260  0.000000 -0.191968  0.000000  0.706829  0.000000 -0.073652  0.000000  0.000415 -0.000000  0.000000  0.000000 -0.218217 -0.000000  0.000000 -0.000000
 -0.002897  0.000000  0.001766 -0.000000  0.009672  0.000000  0.003203  0.000000 -0.005762  0.000000 -0.216391  0.000000  0.001474  0.000000  0.004359 -0.000000 -0.109543 -0.000000 -0.004295 -0.000000  0.589247  0.000000 -0.010411 -0.000000  0.004597  0.000000  0.078371  0.000000 -0.288562  0.000000 -0.075171  0.000000 -0.001357 -0.000000 -0.000000  0.000000  0.712695  0.000000  0.000000 -0.000000
  0.001619  0.000000  0.001460 -0.000000 -0.006986  0.000000  0.005772  0.000000  0.002192  0.000000 -0.006760  0.000000  0.002006  0.000000  0.000662 -0.000000  0.028764 -0.000000 -0.000962 -0.000000 -0.047597 -0.000000  0.003501 -0.000000  0.002383  0.000000 -0.553133  0.000000 -0.042321  0.000000 -0.701436  0.000000  0.000000 -0.000000 -0.002688  0.000000 -0.000000 -0.000000  0.408239 -0.000000
 -0.002168  0.000000  0.003304 -0.000000  0.007238  0.000000  0.005992  0.000000 -0.004312  0.000000 -0.161932  0.000000  0.002758  0.000000  0.003262 -0.000000 -0.204936 -0.000000 -0.008035 -0.000000  0.440952 -0.000000 -0.007791 -0.000000  0.008600  0.000000  0.146618  0.000000 -0.539850  0.000000 -0.056253  0.000000  0.001269 -0.000000 -0.000000  0.000000 -0.666665 -0.000000 -0.000000 -0.000000

#      3+
 #X
 -0.004546  0.000000 -0.037806  0.000000  0.939001  0.000000 -0.008332  0.000000  0.019527 -0.000000  0.005259 -0.000000 -0.000000  0.000000  0.346971 -0.000000 -0.032106  0.000000 -0.000000 -0.000000 -0.000000 -0.000000  0.000000 -0.000000  0.000000  0.000000  0.000000  0.000000  0.000000  0.000000 -0.000000 -0.000000
 -0.000434  0.000000  0.999095  0.000000  0.004872 -0.000000 -0.000539  0.000000  0.002441 -0.000000 -0.000056 -0.000000 -0.000000  0.000000  0.005303 -0.000000 -0.004442  0.000000  0.000000 -0.000000 -0.000000 -0.000000 -0.000000 -0.000000  0.000000  0.000000 -0.000000  0.000000 -0.000000  0.000000 -0.000000 -0.000000
 -0.000000  0.000000 -0.000000  0.000000  0.000000 -0.000000 -0.000000  0.000000 -0.000000 -0.000000 -0.000000 -0.000000  0.999851  0.000000  0.000000 -0.000000  0.000000  0.000000 -0.000057 -0.000000 -0.017200 -0.000000 -0.000950 -0.000000  0.000000  0.000000  0.000000  0.000000 -0.000000  0.000000 -0.000000 -0.000000
  0.002289  0.000000  0.009879  0.000000  0.009560 -0.000000  0.003100  0.000000 -0.004951 -0.000000  0.000937 -0.000000 -0.000000  0.000000  0.067313 -0.000000  0.991980  0.000000  0.000000 -0.000000  0.000000 -0.000000 -0.000000 -0.000000 -0.000000  0.000000 -0.000000  0.000000 -0.000000  0.000000  0.000000 -0.000000
  0.002939  0.000000  0.009809  0.000000 -0.219461 -0.000000  0.005844  0.000000 -0.010558 -0.000000 -0.004421 -0.000000  0.002458  0.000000  0.597606 -0.000000 -0.076237  0.000000 -0.000151 -0.000000  0.142833 -0.000000 -0.000895 -0.000000  0.377964  0.000000  0.001276  0.000000  0.654652  0.000000  0.000720 -0.000000
  0.000876  0.000000  0.002924  0.000000 -0.065431 -0.000000  0.001742  0.000000 -0.003148 -0.000000 -0.001318 -0.000000 -0.008245  0.000000  0.178172 -0.000000 -0.022729  0.000000  0.000507 -0.000000 -0.479077 -0.000000  0.003002 -0.000000  0.704294  0.000000 -0.000951  0.000000 -0.487949  0.000000  0.001341 -0.000000
  0.003393  0.000000  0.011326  0.000000 -0.253412 -0.000000  0.006748  0.000000 -0.012192 -0.000000 -0.005104 -0.000000 -0.002129  0.000000  0.690056  0.000000 -0.088031  0.000000  0.000131 -0.000000 -0.123697 -0.000000  0.000775 -0.000000 -0.545544  0.000000 -0.000737  0.000000 -0.377964  0.000000 -0.001039 -0.000000
  0.000490  0.000000  0.001635  0.000000 -0.036577 -0.000000  0.000974  0.000000 -0.001760 -0.000000 -0.000737 -0.000000  0.014749  0.000000  0.099601 -0.000000 -0.012706  0.000000 -0.000908 -0.000000  0.856999  0.000000 -0.005370 -0.000000  0.251976  0.000000 -0.000851  0.000000 -0.436435  0.000000  0.000480 -0.000000

 #Y
 -0.037806  0.000000 -0.004546  0.000000 -0.008332 -0.000000  0.939001  0.000000 -0.032106 -0.000000  0.346971 -0.000000 -0.000000  0.000000  0.005259 -0.000000  0.019527  0.000000 -0.000000 -0.000000  0.000000 -0.000000  0.000000 -0.000000 -0.000000  0.000000 -0.000000  0.000000  0.000000  0.000000 -0.000000 -0.000000
  0.999095  0.000000 -0.000434  0.000000 -0.000539 -0.000000  0.004872  0.000000 -0.004442 -0.000000  0.005303 -0.000000  0.000000  0.000000 -0.000056 -0.000000  0.002441  0.000000  0.000000 -0.000000 -0.000000 -0.000000 -0.000000 -0.000000  0.000000  0.000000 -0.000000  0.000000  0.000000  0.000000 -0.000000 -0.000000
  0.000000  0.000000  0.000000  0.000000 -0.000000 -0.000000 -0.000000  0.000000  0.000000 -0.000000 -0.000000 -0.000000 -0.000057  0.000000 -0.000000 -0.000000  0.000000  0.000000  0.999851  0.000000 -0.000950 -0.000000 -0.017200 -0.000000  0.000000  0.000000  0.000000  0.000000 -0.000000  0.000000 -0.000000 -0.000000
  0.009879  0.000000  0.002289  0.000000  0.003100 -0.000000  0.009560  0.000000  0.991980  0.000000  0.067313 -0.000000 -0.000000  0.000000  0.000937 -0.000000 -0.004951  0.000000  0.000000 -0.000000  0.000000 -0.000000  0.000000 -0.000000  0.000000  0.000000  0.000000  0.000000  0.000000  0.000000 -0.000000 -0.000000
  0.009809  0.000000  0.002939  0.000000  0.005844 -0.000000 -0.219461  0.000000 -0.076237 -0.000000  0.597606 -0.000000 -0.000151  0.000000 -0.004421 -0.000000 -0.010558  0.000000  0.002458 -0.000000 -0.000895 -0.000000  0.142833 -0.000000  0.000720  0.000000  0.654652  0.000000  0.001276  0.000000  0.377964 -0.000000
  0.002924  0.000000  0.000876  0.000000  0.001742 -0.000000 -0.065431  0.000000 -0.022729 -0.000000  0.178172 -0.000000  0.000507  0.000000 -0.001318 -0.000000 -0.003148  0.000000 -0.008245 -0.000000  0.003002 -0.000000 -0.479077 -0.000000  0.001341  0.000000 -0.487949  0.000000 -0.000951  0.000000  0.704294  0.000000
  0.011326  0.000000  0.003393  0.000000  0.006748 -0.000000 -0.253412  0.000000 -0.088031 -0.000000  0.690056  0.000000  0.000131  0.000000 -0.005104 -0.000000 -0.012192  0.000000 -0.002129 -0.000000  0.000775 -0.000000 -0.123697 -0.000000 -0.001039  0.000000 -0.377964  0.000000 -0.000737  0.000000 -0.545544 -0.000000
  0.001635  0.000000  0.000490  0.000000  0.000974 -0.000000 -0.036577  0.000000 -0.012706 -0.000000  0.099601 -0.000000 -0.000908  0.000000 -0.000737 -0.000000 -0.001760  0.000000  0.014749 -0.000000 -0.005370 -0.000000  0.856999  0.000000  0.000480  0.000000 -0.436435  0.000000 -0.000851  0.000000  0.251976 -0.000000

#      4+
 #X
  0.666568  0.000000  0.745252  0.000000  0.012445 -0.000000  0.011467 -0.000000  0.000038  0.000000  0.000030 -0.000000  0.000787 -0.000000 -0.000633  0.000000 -0.000000  0.000000  0.000000  0.000000
  0.745245  0.000000 -0.666574 -0.000000 -0.011131 -0.000000  0.012820 -0.000000  0.000042  0.000000 -0.000027 -0.000000 -0.000704 -0.000000 -0.000708  0.000000 -0.000000  0.000000 -0.000000  0.000000
 -0.003755  0.000000  0.008144 -0.000000 -0.487871 -0.000000  0.218181 -0.000000 -0.000231  0.000000 -0.000460 -0.000000 -0.003284 -0.000000  0.001367  0.000000  0.845153  0.000000 -0.001609  0.000000
 -0.012594  0.000000 -0.010927 -0.000000  0.654547  0.000000  0.731802  0.000000 -0.000775  0.000000  0.000617 -0.000000  0.004406 -0.000000  0.004586  0.000000  0.188982  0.000000 -0.000360  0.000000
  0.011107  0.000000 -0.009636 -0.000000  0.577256 -0.000000 -0.645389 -0.000000  0.000683  0.000000  0.000544 -0.000000  0.003886 -0.000000 -0.004044  0.000000  0.499999  0.000000 -0.000952  0.000000

 #Y
  0.000038  0.000000  0.000030 -0.000000  0.000787 -0.000000 -0.000633 -0.000000  0.666568  0.000000  0.745252  0.000000  0.012445 -0.000000  0.011467  0.000000  0.000000  0.000000 -0.000000  0.000000
  0.000042  0.000000 -0.000027 -0.000000 -0.000704 -0.000000 -0.000708 -0.000000  0.745245  0.000000 -0.666574 -0.000000 -0.011131 -0.000000  0.012820  0.000000  0.000000  0.000000  0.000000  0.000000
 -0.000231  0.000000 -0.000460 -0.000000 -0.003284 -0.000000  0.001367 -0.000000 -0.003755  0.000000  0.008144 -0.000000 -0.487871 -0.000000  0.218181  0.000000 -0.001609  0.000000  0.845153  0.000000
 -0.000775  0.000000  0.000617 -0.000000  0.004406 -0.000000  0.004586 -0.000000 -0.012594  0.000000 -0.010927 -0.000000  0.654547  0.000000  0.731802  0.000000 -0.000360  0.000000  0.188982  0.000000
  0.000683  0.000000  0.000544 -0.000000  0.003886 -0.000000 -0.004044 -0.000000  0.011107  0.000000 -0.009636 -0.000000  0.577256 -0.000000 -0.645389  0.000000 -0.000952  0.000000  0.499999  0.000000

#      5+
 #X
  0.999851  0.000000  0.017200  0.000000  0.000950 -0.000000 -0.000057  0.000000
 -0.017207  0.000000  0.999832  0.000000 -0.006265 -0.000000  0.001059  0.000000

 #Y
 -0.000057  0.000000  0.000950  0.000000  0.017200 -0.000000  0.999851  0.000000
  0.001059  0.000000 -0.006265  0.000000  0.999832  0.000000 -0.017207  0.000000

#      6+

#      0-
 #X
  0.999015  0.000000 -0.008674  0.000000 -0.004399 -0.000000 -0.030023  0.000000  0.047787  0.000000  0.005473  0.000000 -0.004112  0.000000 -0.003280 -0.000000 -0.002901 -0.000000  0.005542  0.000000
 -0.021421  0.000000  0.997919  0.000000  0.258575 -0.000000  0.021754  0.000000 -0.065398  0.000000 -0.084364  0.000000 -0.050063  0.000000 -0.025991 -0.000000 -0.033426 -0.000000 -0.010506  0.000000
 -0.012473  0.000000 -0.016425  0.000000 -0.007023 -0.000000 -0.622528  0.000000  0.995406  0.000000 -0.003836  0.000000 -0.006100  0.000000 -0.002918 -0.000000 -0.004567 -0.000000  0.001614  0.000000
  0.016164  0.000000 -0.035069  0.000000  0.962208  0.000000 -0.005694  0.000000 -0.014087  0.000000 -0.008033  0.000000 -0.004645  0.000000  0.006390 -0.000000 -0.002406 -0.000000 -0.001248  0.000000
  0.018904  0.000000  0.000036  0.000000  0.000015 -0.000000  0.781605  0.000000  0.035433  0.000000  0.000021  0.000000  0.000005  0.000000  0.000004 -0.000000  0.000004 -0.000000  0.000010  0.000000

 #Y
 -0.003280  0.000000 -0.004112  0.000000  0.005473 -0.000000  0.005542  0.000000 -0.002901  0.000000 -0.004399  0.000000 -0.008674  0.000000  0.999015  0.000000  0.047787 -0.000000 -0.030023  0.000000
 -0.025991  0.000000 -0.050063  0.000000 -0.084364 -0.000000 -0.010506  0.000000 -0.033426  0.000000  0.258575  0.000000  0.997919  0.000000 -0.021421 -0.000000 -0.065398 -0.000000  0.021754  0.000000
 -0.002918  0.000000 -0.006100  0.000000 -0.003836 -0.000000  0.001614  0.000000 -0.004567  0.000000 -0.007023  0.000000 -0.016425  0.000000 -0.012473 -0.000000  0.995406  0.000000 -0.622528  0.000000
  0.006390  0.000000 -0.004645  0.000000 -0.008033 -0.000000 -0.001248  0.000000 -0.002406  0.000000  0.962208  0.000000 -0.035069  0.000000  0.016164 -0.000000 -0.014087 -0.000000 -0.005694  0.000000
  0.000004  0.000000  0.000005  0.000000  0.000021 -0.000000  0.000010  0.000000  0.000004  0.000000  0.000015  0.000000  0.000036  0.000000  0.018904 -0.000000  0.035433 -0.000000  0.781605  0.000000

#      1-
 #X
  0.576782 -0.000000  0.815741  0.000000  0.001894 -0.000000 -0.005008  0.000000  0.006548 -0.000000  0.004499 -0.000000  0.002539 -0.000000  0.003205  0.000000 -0.038936  0.000000  0.017334  0.000000 -0.000955 -0.000000  0.004404  0.000000  0.002374  0.000000  0.003160  0.000000  0.002502 -0.000000  0.027590 -0.000000 -0.003978  0.000000  0.001675 -0.000000  0.003200 -0.000000 -0.002922  0.000000  0.000000  0.000000 -0.000000  0.000000 -0.000000 -0.000000 -0.000000  0.000000
  0.815692  0.000000 -0.576816 -0.000000  0.002678 -0.000000 -0.007082  0.000000 -0.004630 -0.000000 -0.003181 -0.000000  0.003591 -0.000000 -0.002266  0.000000  0.027532  0.000000  0.024514  0.000000  0.000675 -0.000000 -0.003114  0.000000  0.003358  0.000000  0.004468  0.000000 -0.001769 -0.000000  0.039018 -0.000000  0.002813  0.000000  0.002368 -0.000000  0.004525 -0.000000  0.002067  0.000000 -0.000000  0.000000  0.000000  0.000000  0.000000 -0.000000 -0.000000  0.000000
 -0.009332 -0.000000 -0.013867 -0.000000  0.003690 -0.000000  0.020247  0.000000 -0.029112 -0.000000  0.793790  0.000000  0.555531 -0.000000 -0.005377  0.000000  0.012605  0.000000 -0.003288  0.000000  0.016902 -0.000000  0.004093  0.000000 -0.002682  0.000000  0.004638  0.000000  0.002579 -0.000000  0.008133 -0.000000  0.005346  0.000000 -0.001389 -0.000000  0.000720 -0.000000  0.003178  0.000000 -0.000000  0.000000 -0.000000  0.000000 -0.000000 -0.000000  0.000000  0.000000
 -0.015644 -0.000000 -0.003588 -0.000000  0.018981 -0.000000  0.728777  0.000000 -0.257169 -0.000000 -0.054361 -0.000000 -0.188837 -0.000000 -0.007235  0.000000 -0.010875  0.000000 -0.015887  0.000000 -0.005945 -0.000000 -0.020495  0.000000  0.036561  0.000000 -0.061611  0.000000 -0.009787 -0.000000 -0.047760 -0.000000 -0.026219  0.000000  0.024411 -0.000000 -0.007672 -0.000000 -0.014086  0.000000  0.011014  0.000000 -0.632377  0.000000  0.007798 -0.000000  0.004366  0.000000
 -0.011733 -0.000000  0.010763 -0.000000  0.014236 -0.000000  0.546583  0.000000  0.771506  0.000000  0.163084 -0.000000 -0.141628 -0.000000  0.021705  0.000000  0.032626  0.000000 -0.011915  0.000000  0.017834 -0.000000  0.061484  0.000000  0.027421  0.000000 -0.046208  0.000000  0.029361 -0.000000 -0.035820 -0.000000  0.078656  0.000000  0.018308 -0.000000 -0.005754 -0.000000  0.042257  0.000000 -0.005507  0.000000  0.316188  0.000000 -0.003899 -0.000000 -0.002183  0.000000
 -0.010914 -0.000000 -0.017245 -0.000000  0.000002 -0.000000 -0.000021  0.000000  0.000021 -0.000000  0.000016 -0.000000  0.000009 -0.000000  0.000004  0.000000  0.005573  0.000000  0.451260  0.000000  0.793297  0.000000  0.000009  0.000000  0.000003  0.000000 -0.000012  0.000000  0.000002 -0.000000 -0.020457 -0.000000 -0.000031  0.000000  0.000002 -0.000000 -0.000006 -0.000000 -0.000021  0.000000  0.000000  0.000000  0.000000  0.000000 -0.000000 -0.000000  0.000000  0.000000
 -0.006832 -0.000000  0.006387 -0.000000  0.001598 -0.000000 -0.008996  0.000000  0.011201 -0.000000  0.007157 -0.000000  0.003847 -0.000000  0.002532  0.000000  0.772341  0.000000  0.340973  0.000000  0.176710 -0.000000  0.006249  0.000000  0.003341  0.000000 -0.002101  0.000000  0.003926 -0.000000  0.545206 -0.000000  0.003840  0.000000  0.002501 -0.000000  0.000884 -0.000000  0.002599  0.000000  0.316172  0.000000 -0.002946  0.000000 -0.000998 -0.000000 -0.000695  0.000000
 -0.009109 -0.000000 -0.002129 -0.000000  0.002131 -0.000000 -0.011995  0.000000 -0.003734 -0.000000 -0.002386 -0.000000  0.005129 -0.000000 -0.000844  0.000000 -0.257447  0.000000  0.454631  0.000000 -0.058903 -0.000000 -0.002083  0.000000  0.004455  0.000000 -0.002802  0.000000 -0.001309 -0.000000  0.726942  0.000000 -0.001280  0.000000  0.003335 -0.000000  0.001178 -0.000000 -0.000866  0.000000 -0.632343  0.000000  0.005891  0.000000  0.001997 -0.000000  0.001390  0.000000
 -0.013198 -0.000000  0.009805 -0.000000  0.005218 -0.000000  0.028634  0.000000  0.020585 -0.000000 -0.561294 -0.000000  0.785639  0.000000  0.003802  0.000000 -0.008913  0.000000 -0.004650  0.000000 -0.011951 -0.000000 -0.002894  0.000000 -0.003793  0.000000  0.006559  0.000000 -0.001824 -0.000000  0.011502 -0.000000 -0.003780  0.000000 -0.001964 -0.000000  0.001019 -0.000000 -0.002247  0.000000  0.000000  0.000000  0.000000  0.000000  0.000000 -0.000000  0.000000  0.000000
 -0.008745 -0.000000 -0.008022 -0.000000  0.010611 -0.000000  0.407399  0.000000 -0.575046 -0.000000 -0.121556 -0.000000 -0.105563 -0.000000 -0.016178  0.000000 -0.024318  0.000000 -0.008881  0.000000 -0.013293 -0.000000 -0.045828  0.000000  0.020438  0.000000 -0.034441  0.000000 -0.021885 -0.000000 -0.026699 -0.000000 -0.058627  0.000000  0.013646 -0.000000 -0.004289 -0.000000 -0.031496  0.000000 -0.012314  0.000000  0.707019  0.000000 -0.008719 -0.000000 -0.004882  0.000000
 -0.015435 -0.000000  0.012194 -0.000000  0.000003 -0.000000 -0.000030  0.000000 -0.000015 -0.000000 -0.000011 -0.000000  0.000013 -0.000000 -0.000003  0.000000 -0.003941  0.000000  0.638178  0.000000 -0.560946 -0.000000 -0.000006  0.000000  0.000004  0.000000 -0.000017  0.000000 -0.000002 -0.000000 -0.028931 -0.000000  0.000022  0.000000  0.000003 -0.000000 -0.000008 -0.000000  0.000015  0.000000  0.000000  0.000000  0.000000  0.000000  0.000000 -0.000000  0.000000  0.000000
 -0.005092 -0.000000 -0.004761 -0.000000  0.001191 -0.000000 -0.006705  0.000000 -0.008349 -0.000000 -0.005335 -0.000000  0.002867 -0.000000 -0.001887  0.000000 -0.575669  0.000000  0.254146  0.000000 -0.131712 -0.000000 -0.004658  0.000000  0.002491  0.000000 -0.001566  0.000000 -0.002927 -0.000000  0.406373 -0.000000 -0.002862  0.000000  0.001864 -0.000000  0.000659 -0.000000 -0.001938  0.000000  0.706981  0.000000 -0.006587  0.000000 -0.002232 -0.000000 -0.001554  0.000000

 #Y
  0.001894 -0.000000  0.003205 -0.000000  0.576782 -0.000000  0.002374  0.000000  0.004404 -0.000000 -0.003978 -0.000000  0.003160 -0.000000  0.815741  0.000000  0.002502  0.000000  0.003200  0.000000 -0.002922 -0.000000  0.006548  0.000000 -0.005008  0.000000  0.002539  0.000000 -0.038936 -0.000000  0.001675 -0.000000  0.004499  0.000000  0.027590 -0.000000  0.017334 -0.000000 -0.000955  0.000000  0.000000  0.000000  0.000000  0.000000  0.000000 -0.000000 -0.000000  0.000000
  0.002678 -0.000000 -0.002266 -0.000000  0.815692  0.000000  0.003358  0.000000 -0.003114 -0.000000  0.002813 -0.000000  0.004468 -0.000000 -0.576816  0.000000 -0.001769  0.000000  0.004525  0.000000  0.002067 -0.000000 -0.004630  0.000000 -0.007082  0.000000  0.003591  0.000000  0.027532 -0.000000  0.002368 -0.000000 -0.003181  0.000000  0.039018 -0.000000  0.024514 -0.000000  0.000675  0.000000  0.000000  0.000000  0.000000  0.000000  0.000000 -0.000000 -0.000000  0.000000
  0.003690 -0.000000 -0.005377 -0.000000 -0.009332 -0.000000 -0.002682  0.000000  0.004093 -0.000000  0.005346 -0.000000  0.004638 -0.000000 -0.013867  0.000000  0.002579  0.000000  0.000720  0.000000  0.003178 -0.000000 -0.029112  0.000000  0.020247  0.000000  0.555531  0.000000  0.012605 -0.000000 -0.001389 -0.000000  0.793790  0.000000  0.008133 -0.000000 -0.003288 -0.000000  0.016902  0.000000 -0.000000  0.000000  0.000000  0.000000  0.000000 -0.000000 -0.000000  0.000000
  0.018981 -0.000000 -0.007235 -0.000000 -0.015644 -0.000000  0.036561  0.000000 -0.020495 -0.000000 -0.026219 -0.000000 -0.061611 -0.000000 -0.003588  0.000000 -0.009787  0.000000 -0.007672  0.000000 -0.014086 -0.000000 -0.257169  0.000000  0.728777  0.000000 -0.188837  0.000000 -0.010875 -0.000000  0.024411 -0.000000 -0.054361  0.000000 -0.047760 -0.000000 -0.015887 -0.000000 -0.005945  0.000000  0.004366  0.000000  0.007798  0.000000 -0.632377 -0.000000  0.011014  0.000000
  0.014236 -0.000000  0.021705 -0.000000 -0.011733 -0.000000  0.027421  0.000000  0.061484 -0.000000  0.078656 -0.000000 -0.046208 -0.000000  0.010763  0.000000  0.029361  0.000000 -0.005754  0.000000  0.042257 -0.000000  0.771506  0.000000  0.546583  0.000000 -0.141628  0.000000  0.032626 -0.000000  0.018308 -0.000000  0.163084  0.000000 -0.035820 -0.000000 -0.011915 -0.000000  0.017834  0.000000 -0.002183  0.000000 -0.003899  0.000000  0.316188 -0.000000 -0.005507  0.000000
  0.000002 -0.000000  0.000004 -0.000000 -0.010914 -0.000000  0.000003  0.000000  0.000009 -0.000000 -0.000031 -0.000000 -0.000012 -0.000000 -0.017245  0.000000  0.000002  0.000000 -0.000006  0.000000 -0.000021 -0.000000  0.000021  0.000000 -0.000021  0.000000  0.000009  0.000000  0.005573 -0.000000  0.000002 -0.000000  0.000016  0.000000 -0.020457 -0.000000  0.451260 -0.000000  0.793297  0.000000 -0.000000  0.000000  0.000000  0.000000  0.000000 -0.000000  0.000000  0.000000
  0.001598 -0.000000  0.002532 -0.000000 -0.006832 -0.000000  0.003341  0.000000  0.006249 -0.000000  0.003840 -0.000000 -0.002101 -0.000000  0.006387  0.000000  0.003926  0.000000  0.000884  0.000000  0.002599 -0.000000  0.011201  0.000000 -0.008996  0.000000  0.003847  0.000000  0.772341  0.000000  0.002501 -0.000000  0.007157  0.000000  0.545206 -0.000000  0.340973 -0.000000  0.176710  0.000000 -0.000695  0.000000 -0.000998  0.000000 -0.002946 -0.000000  0.316172  0.000000
  0.002131 -0.000000 -0.000844 -0.000000 -0.009109 -0.000000  0.004455  0.000000 -0.002083 -0.000000 -0.001280 -0.000000 -0.002802 -0.000000 -0.002129  0.000000 -0.001309  0.000000  0.001178  0.000000 -0.000866 -0.000000 -0.003734  0.000000 -0.011995  0.000000  0.005129  0.000000 -0.257447 -0.000000  0.003335 -0.000000 -0.002386  0.000000  0.726942  0.000000  0.454631 -0.000000 -0.058903  0.000000  0.001390  0.000000  0.001997  0.000000  0.005891 -0.000000 -0.632343  0.000000
  0.005218 -0.000000  0.003802 -0.000000 -0.013198 -0.000000 -0.003793  0.000000 -0.002894 -0.000000 -0.003780 -0.000000  0.006559 -0.000000  0.009805  0.000000 -0.001824  0.000000  0.001019  0.000000 -0.002247 -0.000000  0.020585  0.000000  0.028634  0.000000  0.785639  0.000000 -0.008913 -0.000000 -0.001964 -0.000000 -0.561294  0.000000  0.011502 -0.000000 -0.004650 -0.000000 -0.011951  0.000000 -0.000000  0.000000 -0.000000  0.000000 -0.000000 -0.000000 -0.000000  0.000000
  0.010611 -0.000000 -0.016178 -0.000000 -0.008745 -0.000000  0.020438  0.000000 -0.045828 -0.000000 -0.058627 -0.000000 -0.034441 -0.000000 -0.008022  0.000000 -0.021885  0.000000 -0.004289  0.000000 -0.031496 -0.000000 -0.575046  0.000000  0.407399  0.000000 -0.105563  0.000000 -0.024318 -0.000000  0.013646 -0.000000 -0.121556  0.000000 -0.026699 -0.000000 -0.008881 -0.000000 -0.013293  0.000000 -0.004882  0.000000 -0.008719  0.000000  0.707019  0.000000 -0.012314  0.000000
  0.000003 -0.000000 -0.000003 -0.000000 -0.015435 -0.000000  0.000004  0.000000 -0.000006 -0.000000  0.000022 -0.000000 -0.000017 -0.000000  0.012194  0.000000 -0.000002  0.000000 -0.000008  0.000000  0.000015 -0.000000 -0.000015  0.000000 -0.000030  0.000000  0.000013  0.000000 -0.003941 -0.000000  0.000003 -0.000000 -0.000011  0.000000 -0.028931 -0.000000  0.638178  0.000000 -0.560946  0.000000  0.000000  0.000000  0.000000  0.000000  0.000000 -0.000000 -0.000000  0.000000
  0.001191 -0.000000 -0.001887 -0.000000 -0.005092 -0.000000  0.002491  0.000000 -0.004658 -0.000000 -0.002862 -0.000000 -0.001566 -0.000000 -0.004761  0.000000 -0.002927  0.000000  0.000659  0.000000 -0.001938 -0.000000 -0.008349  0.000000 -0.006705  0.000000  0.002867  0.000000 -0.575669 -0.000000  0.001864 -0.000000 -0.005335  0.000000  0.406373 -0.000000  0.254146 -0.000000 -0.131712  0.000000 -0.001554  0.000000 -0.002232  0.000000 -0.006587 -0.000000  0.706981  0.000000

#      2-
 #X
  0.999015  0.000000 -0.003280 -0.000000 -0.008674 -0.000000 -0.004112 -0.000000 -0.004399 -0.000000  0.005473  0.000000 -0.000000 -0.000000  0.000000 -0.000000  0.000000  0.000000  0.000000 -0.000000 -0.000000 -0.000000  0.000000  0.000000 -0.000000  0.000000  0.000000  0.000000  0.005542  0.000000 -0.002901  0.000000 -0.030023 -0.000000  0.047787  0.000000  0.000000  0.000000  0.000000  0.000000 -0.000000 -0.000000 -0.000000  0.000000 -0.000000  0.000000 -0.000000 -0.000000  0.000000  0.000000 -0.000000 -0.000000
  0.000000 -0.000000  0.000000 -0.000000 -0.000000 -0.000000  0.000000 -0.000000 -0.000000 -0.000000  0.000000  0.000000  0.000000 -0.000000  0.000000 -0.000000  0.024951  0.000000  0.985939  0.000000 -0.000000 -0.000000  0.005414  0.000000  0.000000  0.000000 -0.001070  0.000000 -0.000000  0.000000 -0.000000  0.000000  0.000000 -0.000000 -0.000000  0.000000 -0.163801  0.000000 -0.001105  0.000000  0.000000 -0.000000 -0.000000  0.000000  0.004037  0.000000 -0.000000 -0.000000 -0.000000  0.000000 -0.030341 -0.000000
  0.016164 -0.000000  0.006390 -0.000000 -0.035069 -0.000000 -0.004645 -0.000000  0.962208  0.000000 -0.008033  0.000000  0.000000 -0.000000  0.000000 -0.000000 -0.000000  0.000000 -0.000000 -0.000000  0.000000 -0.000000 -0.000000  0.000000  0.000000  0.000000  0.000000  0.000000 -0.001248  0.000000 -0.002406  0.000000 -0.005694 -0.000000 -0.014087  0.000000 -0.000000  0.000000 -0.000000  0.000000  0.000000 -0.000000 -0.000000  0.000000  0.000000  0.000000  0.000000 -0.000000 -0.000000  0.000000  0.000000 -0.000000
 -0.006059 -0.000000 -0.007351 -0.000000  0.282254 -0.000000 -0.014160 -0.000000  0.073136 -0.000000 -0.023862  0.000000 -0.447152 -0.000000  0.730206  0.000000 -0.431518  0.000000  0.012608 -0.000000 -0.006100 -0.000000  0.014088  0.000000  0.009005  0.000000 -0.003132  0.000000 -0.002971  0.000000 -0.009454  0.000000  0.006153 -0.000000 -0.018497  0.000000  0.008986  0.000000 -0.002619  0.000000 -0.003233 -0.000000  0.005042  0.000000  0.008223  0.000000 -0.007142 -0.000000 -0.012718  0.000000  0.009039 -0.000000
 -0.013882 -0.000000 -0.016844 -0.000000  0.646726 -0.000000 -0.032445 -0.000000  0.167576 -0.000000 -0.054674  0.000000  0.683035  0.000000  0.278852 -0.000000  0.188330  0.000000 -0.005503 -0.000000  0.009318 -0.000000 -0.006149  0.000000  0.003439  0.000000  0.001367  0.000000 -0.006809  0.000000 -0.021662  0.000000  0.014098 -0.000000 -0.042383  0.000000 -0.003922  0.000000  0.001143  0.000000  0.004939 -0.000000  0.001925  0.000000 -0.003589  0.000000  0.010910 -0.000000 -0.004857  0.000000 -0.003945 -0.000000
  0.018904 -0.000000  0.000004 -0.000000  0.000036 -0.000000  0.000005 -0.000000  0.000015 -0.000000  0.000021  0.000000 -0.000000 -0.000000 -0.000000 -0.000000 -0.000000  0.000000 -0.000000 -0.000000  0.000000 -0.000000 -0.000000  0.000000  0.000000  0.000000 -0.000000  0.000000  0.000010  0.000000  0.000004  0.000000  0.781605  0.000000  0.035433  0.000000  0.000000  0.000000  0.000000  0.000000  0.000000 -0.000000 -0.000000  0.000000  0.000000  0.000000 -0.000000 -0.000000  0.000000  0.000000 -0.000000 -0.000000
 -0.008083 -0.000000 -0.001891 -0.000000 -0.010645 -0.000000 -0.003954 -0.000000 -0.004551 -0.000000 -0.002486  0.000000  0.006092 -0.000000 -0.002598 -0.000000 -0.001274  0.000000  0.000887 -0.000000  0.002310 -0.000000 -0.000595  0.000000  0.000880  0.000000  0.000007  0.000000  0.001046  0.000000 -0.002960  0.000000 -0.403445 -0.000000  0.645097  0.000000 -0.005877  0.000000  0.000020  0.000000  0.001565 -0.000000  0.000613  0.000000 -0.000418  0.000000  0.683023  0.000000  0.278837  0.000000  0.188294 -0.000000
 -0.003528 -0.000000 -0.000825 -0.000000 -0.004646 -0.000000 -0.001725 -0.000000 -0.001986 -0.000000 -0.001085  0.000000 -0.003988 -0.000000 -0.006803 -0.000000  0.002918  0.000000 -0.002032 -0.000000 -0.001512 -0.000000  0.001363  0.000000  0.002305  0.000000 -0.000017  0.000000  0.000456  0.000000 -0.001292  0.000000 -0.176078 -0.000000  0.281543  0.000000  0.013465  0.000000 -0.000045  0.000000 -0.001025 -0.000000  0.001605  0.000000  0.000959  0.000000 -0.447144 -0.000000  0.730167  0.000000 -0.431436 -0.000000
  0.000000 -0.000000 -0.000000 -0.000000  0.000000 -0.000000 -0.000000 -0.000000 -0.000000 -0.000000 -0.000000  0.000000  0.000000 -0.000000 -0.000000 -0.000000  0.025572  0.000000  0.164299 -0.000000  0.000000 -0.000000  0.005646  0.000000  0.000000  0.000000 -0.001391  0.000000 -0.000000  0.000000 -0.000000  0.000000  0.000000 -0.000000 -0.000000  0.000000  0.985761  0.000000 -0.001593  0.000000 -0.000000 -0.000000  0.000000  0.000000  0.004136  0.000000  0.000000 -0.000000  0.000000  0.000000  0.032831 -0.000000
 -0.003029 -0.000000 -0.003676 -0.000000  0.141127 -0.000000 -0.007080 -0.000000  0.036568 -0.000000 -0.011931  0.000000 -0.447152 -0.000000  0.182551 -0.000000  0.863037  0.000000 -0.025217 -0.000000 -0.006100 -0.000000 -0.028177  0.000000  0.002251  0.000000  0.006263  0.000000 -0.001486  0.000000 -0.004727  0.000000  0.003076 -0.000000 -0.009249  0.000000 -0.017973  0.000000  0.005239  0.000000 -0.003233 -0.000000  0.001260  0.000000 -0.016446  0.000000 -0.007142 -0.000000 -0.003179  0.000000 -0.018077 -0.000000
 -0.014841 -0.000000 -0.018007 -0.000000  0.691379  0.000000 -0.034685 -0.000000  0.179146 -0.000000 -0.058449  0.000000 -0.365098 -0.000000 -0.596211 -0.000000 -0.176167  0.000000  0.005147 -0.000000 -0.004981 -0.000000  0.005752  0.000000 -0.007352  0.000000 -0.001278  0.000000 -0.007279  0.000000 -0.023158  0.000000  0.015071 -0.000000 -0.045309  0.000000  0.003669  0.000000 -0.001069  0.000000 -0.002640 -0.000000 -0.004117  0.000000  0.003357  0.000000 -0.005832 -0.000000  0.010384  0.000000  0.003690 -0.000000
 -0.008641 -0.000000 -0.002021 -0.000000 -0.011379 -0.000000 -0.004227 -0.000000 -0.004866 -0.000000 -0.002658  0.000000 -0.003257 -0.000000  0.005554 -0.000000  0.001191  0.000000 -0.000830 -0.000000 -0.001235 -0.000000  0.000556  0.000000 -0.001882  0.000000 -0.000007  0.000000  0.001118  0.000000 -0.003164  0.000000 -0.431300 -0.000000  0.689638  0.000000  0.005497  0.000000 -0.000018  0.000000 -0.000837 -0.000000 -0.001310  0.000000  0.000391  0.000000 -0.365091 -0.000000 -0.596179  0.000000 -0.176133 -0.000000
 -0.001764 -0.000000 -0.000413 -0.000000 -0.002323 -0.000000 -0.000863 -0.000000 -0.000993 -0.000000 -0.000543  0.000000 -0.003988 -0.000000 -0.001701 -0.000000 -0.005837  0.000000  0.004064 -0.000000 -0.001512 -0.000000 -0.002726  0.000000  0.000576  0.000000  0.000033  0.000000  0.000228  0.000000 -0.000646  0.000000 -0.088039 -0.000000  0.140772  0.000000 -0.026930  0.000000  0.000090  0.000000 -0.001025 -0.000000  0.000401  0.000000 -0.001917  0.000000 -0.447144 -0.000000  0.182542  0.000000  0.862872  0.000000

 #Y
 -0.003280 -0.000000  0.999015  0.000000 -0.004112 -0.000000 -0.008674 -0.000000  0.005473 -0.000000 -0.004399  0.000000  0.000000 -0.000000  0.000000 -0.000000  0.000000  0.000000 -0.000000 -0.000000 -0.000000 -0.000000  0.000000  0.000000  0.000000  0.000000  0.000000  0.000000 -0.030023  0.000000  0.047787  0.000000  0.005542 -0.000000 -0.002901  0.000000  0.000000  0.000000  0.000000  0.000000  0.000000 -0.000000  0.000000  0.000000  0.000000  0.000000  0.000000 -0.000000 -0.000000  0.000000  0.000000 -0.000000
 -0.000000 -0.000000 -0.000000 -0.000000 -0.000000 -0.000000 -0.000000 -0.000000  0.000000 -0.000000 -0.000000  0.000000 -0.000000 -0.000000  0.000000 -0.000000  0.005414  0.000000 -0.001070 -0.000000 -0.000000 -0.000000  0.024951  0.000000  0.000000  0.000000  0.985939  0.000000  0.000000  0.000000 -0.000000  0.000000 -0.000000 -0.000000 -0.000000  0.000000 -0.001105  0.000000 -0.163801  0.000000  0.000000 -0.000000 -0.000000  0.000000 -0.030341  0.000000  0.000000 -0.000000  0.000000  0.000000  0.004037 -0.000000
  0.006390 -0.000000  0.016164 -0.000000 -0.004645 -0.000000 -0.035069 -0.000000 -0.008033 -0.000000  0.962208  0.000000 -0.000000 -0.000000 -0.000000 -0.000000 -0.000000  0.000000  0.000000 -0.000000 -0.000000 -0.000000  0.000000  0.000000  0.000000  0.000000 -0.000000  0.000000 -0.005694  0.000000 -0.014087  0.000000 -0.001248 -0.000000 -0.002406  0.000000 -0.000000  0.000000  0.000000  0.000000  0.000000 -0.000000 -0.000000  0.000000 -0.000000  0.000000  0.000000 -0.000000 -0.000000  0.000000  0.000000 -0.000000
 -0.007351 -0.000000 -0.006059 -0.000000 -0.014160 -0.000000  0.282254 -0.000000 -0.023862 -0.000000  0.073136  0.000000 -0.006100 -0.000000  0.009005 -0.000000  0.014088  0.000000 -0.003132 -0.000000 -0.447152 -0.000000 -0.431518  0.000000  0.730206  0.000000  0.012608  0.000000  0.006153  0.000000 -0.018497  0.000000 -0.002971 -0.000000 -0.009454  0.000000 -0.002619  0.000000  0.008986  0.000000 -0.007142 -0.000000 -0.012718  0.000000  0.009039  0.000000 -0.003233 -0.000000  0.005042  0.000000  0.008223 -0.000000
 -0.016844 -0.000000 -0.013882 -0.000000 -0.032445 -0.000000  0.646726 -0.000000 -0.054674 -0.000000  0.167576  0.000000  0.009318 -0.000000  0.003439 -0.000000 -0.006149  0.000000  0.001367 -0.000000  0.683035  0.000000  0.188330  0.000000  0.278852  0.000000 -0.005503  0.000000  0.014098  0.000000 -0.042383  0.000000 -0.006809 -0.000000 -0.021662  0.000000  0.001143  0.000000 -0.003922  0.000000  0.010910 -0.000000 -0.004857  0.000000 -0.003945  0.000000  0.004939 -0.000000  0.001925  0.000000 -0.003589 -0.000000
  0.000004 -0.000000  0.018904 -0.000000  0.000005 -0.000000  0.000036 -0.000000  0.000021 -0.000000  0.000015  0.000000 -0.000000 -0.000000  0.000000 -0.000000  0.000000  0.000000  0.000000 -0.000000  0.000000 -0.000000 -0.000000  0.000000 -0.000000  0.000000 -0.000000  0.000000  0.781605  0.000000  0.035433  0.000000  0.000010 -0.000000  0.000004  0.000000 -0.000000  0.000000  0.000000  0.000000  0.000000 -0.000000  0.000000  0.000000  0.000000  0.000000 -0.000000 -0.000000 -0.000000  0.000000 -0.000000 -0.000000
 -0.001891 -0.000000 -0.008083 -0.000000 -0.003954 -0.000000 -0.010645 -0.000000 -0.002486 -0.000000 -0.004551  0.000000  0.002310 -0.000000  0.000880 -0.000000 -0.000595  0.000000  0.000007 -0.000000  0.006092 -0.000000 -0.001274  0.000000 -0.002598  0.000000  0.000887  0.000000 -0.403445  0.000000  0.645097  0.000000  0.001046 -0.000000 -0.002960  0.000000  0.000020  0.000000 -0.005877  0.000000  0.683023  0.000000  0.278837  0.000000  0.188294  0.000000  0.001565 -0.000000  0.000613  0.000000 -0.000418 -0.000000
 -0.000825 -0.000000 -0.003528 -0.000000 -0.001725 -0.000000 -0.004646 -0.000000 -0.001085 -0.000000 -0.001986  0.000000 -0.001512 -0.000000  0.002305 -0.000000  0.001363  0.000000 -0.000017 -0.000000 -0.003988 -0.000000  0.002918  0.000000 -0.006803  0.000000 -0.002032  0.000000 -0.176078  0.000000  0.281543  0.000000  0.000456 -0.000000 -0.001292  0.000000 -0.000045  0.000000  0.013465  0.000000 -0.447144 -0.000000  0.730167  0.000000 -0.431436  0.000000 -0.001025 -0.000000  0.001605  0.000000  0.000959 -0.000000
 -0.000000 -0.000000  0.000000 -0.000000  0.000000 -0.000000  0.000000 -0.000000 -0.000000 -0.000000 -0.000000  0.000000  0.000000 -0.000000  0.000000 -0.000000  0.005646  0.000000 -0.001391 -0.000000 -0.000000 -0.000000  0.025572  0.000000 -0.000000  0.000000  0.164299  0.000000  0.000000  0.000000 -0.000000  0.000000 -0.000000 -0.000000  0.000000  0.000000 -0.001593  0.000000  0.985761  0.000000 -0.000000 -0.000000  0.000000  0.000000  0.032831  0.000000  0.000000 -0.000000  0.000000  0.000000  0.004136 -0.000000
 -0.003676 -0.000000 -0.003029 -0.000000 -0.007080 -0.000000  0.141127 -0.000000 -0.011931 -0.000000  0.036568  0.000000 -0.006100 -0.000000  0.002251 -0.000000 -0.028177  0.000000  0.006263 -0.000000 -0.447152 -0.000000  0.863037  0.000000  0.182551  0.000000 -0.025217  0.000000  0.003076  0.000000 -0.009249  0.000000 -0.001486 -0.000000 -0.004727  0.000000  0.005239  0.000000 -0.017973  0.000000 -0.007142 -0.000000 -0.003179  0.000000 -0.018077  0.000000 -0.003233 -0.000000  0.001260  0.000000 -0.016446 -0.000000
 -0.018007 -0.000000 -0.014841 -0.000000 -0.034685 -0.000000  0.691379  0.000000 -0.058449 -0.000000  0.179146  0.000000 -0.004981 -0.000000 -0.007352 -0.000000  0.005752  0.000000 -0.001278 -0.000000 -0.365098 -0.000000 -0.176167  0.000000 -0.596211  0.000000  0.005147  0.000000  0.015071  0.000000 -0.045309  0.000000 -0.007279 -0.000000 -0.023158  0.000000 -0.001069  0.000000  0.003669  0.000000 -0.005832 -0.000000  0.010384  0.000000  0.003690  0.000000 -0.002640 -0.000000 -0.004117  0.000000  0.003357 -0.000000
 -0.002021 -0.000000 -0.008641 -0.000000 -0.004227 -0.000000 -0.011379 -0.000000 -0.002658 -0.000000 -0.004866  0.000000 -0.001235 -0.000000 -0.001882 -0.000000  0.000556  0.000000 -0.000007 -0.000000 -0.003257 -0.000000  0.001191  0.000000  0.005554  0.000000 -0.000830  0.000000 -0.431300  0.000000  0.689638  0.000000  0.001118 -0.000000 -0.003164  0.000000 -0.000018  0.000000  0.005497  0.000000 -0.365091 -0.000000 -0.596179  0.000000 -0.176133  0.000000 -0.000837 -0.000000 -0.001310  0.000000  0.000391 -0.000000
 -0.000413 -0.000000 -0.001764 -0.000000 -0.000863 -0.000000 -0.002323 -0.000000 -0.000543 -0.000000 -0.000993  0.000000 -0.001512 -0.000000  0.000576 -0.000000 -0.002726  0.000000  0.000033 -0.000000 -0.003988 -0.000000 -0.005837  0.000000 -0.001701  0.000000  0.004064  0.000000 -0.088039  0.000000  0.140772  0.000000  0.000228 -0.000000 -0.000646  0.000000  0.000090  0.000000 -0.026930  0.000000 -0.447144 -0.000000  0.182542  0.000000  0.862872  0.000000 -0.001025 -0.000000  0.000401  0.000000 -0.001917 -0.000000

#      3-
 #X
 -0.019548 -0.000000  0.645449  0.000000  0.000701 -0.000000 -0.016334  0.000000 -0.005428  0.000000  0.000565 -0.000000  0.003544 -0.000000  0.747640  0.000000 -0.107233 -0.000000  0.000723  0.000000  0.111406 -0.000000 -0.023743 -0.000000  0.019863 -0.000000  0.000083  0.000000 -0.003626 -0.000000  0.002643 -0.000000 -0.000000  0.000000  0.000000 -0.000000  0.000000  0.000000 -0.000000 -0.000000  0.000000 -0.000000 -0.000000 -0.000000
  0.016929 -0.000000  0.745300  0.000000  0.000809 -0.000000 -0.018861  0.000000  0.004701  0.000000 -0.000489 -0.000000  0.004092 -0.000000 -0.647476 -0.000000 -0.123822 -0.000000  0.000835  0.000000 -0.096480 -0.000000  0.020562 -0.000000  0.022936 -0.000000 -0.000071  0.000000  0.003140 -0.000000  0.003052 -0.000000 -0.000000  0.000000  0.000000 -0.000000  0.000000  0.000000  0.000000 -0.000000  0.000000 -0.000000 -0.000000 -0.000000
  0.631401  0.000000  0.021312  0.000000  0.005293 -0.000000  0.729399  0.000000  0.026605  0.000000 -0.003327 -0.000000  0.023814 -0.000000  0.013465 -0.000000  0.015190 -0.000000  0.004427  0.000000  0.021006 -0.000000  0.002590 -0.000000 -0.015278 -0.000000 -0.001332  0.000000  0.013936 -0.000000  0.013899 -0.000000  0.258167  0.000000 -0.003184 -0.000000 -0.000000  0.000000  0.000000 -0.000000 -0.004496 -0.000000 -0.001783 -0.000000
 -0.515537 -0.000000  0.004350  0.000000  0.001081 -0.000000  0.148888  0.000000 -0.021723  0.000000  0.002717 -0.000000  0.004861 -0.000000 -0.010994 -0.000000  0.003101 -0.000000  0.000904  0.000000 -0.017152 -0.000000 -0.002114 -0.000000 -0.003119 -0.000000  0.001087  0.000000 -0.011378 -0.000000  0.002837 -0.000000  0.843169  0.000000 -0.010398 -0.000000  0.000000  0.000000  0.000000 -0.000000 -0.014685 -0.000000 -0.005822 -0.000000
 -0.003407 -0.000000 -0.000701  0.000000  0.000006 -0.000000 -0.001007  0.000000 -0.001860  0.000000 -0.000006 -0.000000  0.000470 -0.000000  0.005888 -0.000000  0.004646 -0.000000  0.000016  0.000000 -0.119892 -0.000000 -0.475431 -0.000000  0.148860 -0.000000 -0.000313  0.000000 -0.001126 -0.000000  0.000331 -0.000000 -0.007855  0.000000 -0.002662 -0.000000  0.000000  0.000000  0.000000 -0.000000  0.843124  0.000000 -0.001853 -0.000000
  0.004173 -0.000000 -0.003435  0.000000  0.000028 -0.000000 -0.004933  0.000000  0.002278  0.000000  0.000007 -0.000000  0.002304 -0.000000 -0.007212 -0.000000  0.022760 -0.000000  0.000076  0.000000  0.146837 -0.000000  0.582282  0.000000  0.729260  0.000000  0.000383  0.000000  0.001380 -0.000000  0.001620 -0.000000 -0.002405  0.000000 -0.000815 -0.000000  0.000000  0.000000  0.000000 -0.000000  0.258153 -0.000000 -0.000567 -0.000000
 -0.020107 -0.000000  0.106054  0.000000  0.000898 -0.000000 -0.016507  0.000000 -0.005640  0.000000  0.000680 -0.000000  0.003644 -0.000000 -0.108517 -0.000000  0.636306  0.000000  0.001028  0.000000  0.716189  0.000000 -0.289470 -0.000000 -0.021192 -0.000000  0.000476  0.000000 -0.003829 -0.000000  0.002670 -0.000000 -0.000000  0.000000 -0.000000 -0.000000 -0.166667  0.000000  0.000074 -0.000000  0.000000 -0.000000 -0.000000 -0.000000
  0.008992 -0.000000  0.094858  0.000000  0.000803 -0.000000 -0.014764  0.000000  0.002522  0.000000 -0.000304 -0.000000  0.003259 -0.000000  0.048530 -0.000000  0.569129 -0.000000  0.000920  0.000000 -0.320290 -0.000000  0.129455 -0.000000 -0.018955 -0.000000 -0.000213  0.000000  0.001712 -0.000000  0.002388 -0.000000 -0.000000  0.000000 -0.000000 -0.000000  0.745356  0.000000 -0.000331 -0.000000 -0.000000 -0.000000 -0.000000 -0.000000
  0.576388 -0.000000 -0.019455  0.000000 -0.004832 -0.000000 -0.665847  0.000000  0.024287  0.000000 -0.003037 -0.000000 -0.021739 -0.000000  0.012292 -0.000000 -0.013866 -0.000000 -0.004042  0.000000  0.019176 -0.000000  0.002364 -0.000000  0.013947 -0.000000 -0.001216  0.000000  0.012721 -0.000000 -0.012688 -0.000000  0.471346  0.000000 -0.005812 -0.000000  0.000000  0.000000  0.000000 -0.000000 -0.008209 -0.000000 -0.003254 -0.000000
  0.003810 -0.000000  0.003136  0.000000 -0.000025 -0.000000  0.004503  0.000000  0.002080  0.000000  0.000006 -0.000000 -0.002103 -0.000000 -0.006583 -0.000000 -0.020777 -0.000000 -0.000070  0.000000  0.134043 -0.000000  0.531548 -0.000000 -0.665720 -0.000000  0.000350  0.000000  0.001259 -0.000000 -0.001479 -0.000000 -0.004391  0.000000 -0.001488 -0.000000  0.000000  0.000000 -0.000000 -0.000000  0.471321 -0.000000 -0.001036 -0.000000
  0.015574 -0.000000  0.082149  0.000000  0.000695 -0.000000 -0.012786  0.000000  0.004368  0.000000 -0.000526 -0.000000  0.002823 -0.000000  0.084057 -0.000000  0.492881 -0.000000  0.000796  0.000000 -0.554758 -0.000000  0.224223 -0.000000 -0.016416 -0.000000 -0.000369  0.000000  0.002966 -0.000000  0.002068 -0.000000  0.000000  0.000000 -0.000000 -0.000000 -0.645497  0.000000  0.000286 -0.000000  0.000000 -0.000000 -0.000000 -0.000000

 #Y
 -0.005428 -0.000000  0.000701  0.000000  0.645449 -0.000000  0.003544  0.000000 -0.019548  0.000000  0.747640  0.000000 -0.016334 -0.000000  0.000565 -0.000000  0.000723 -0.000000 -0.107233  0.000000  0.000083 -0.000000 -0.003626 -0.000000  0.002643 -0.000000  0.111406  0.000000 -0.023743 -0.000000  0.019863 -0.000000  0.000000  0.000000 -0.000000 -0.000000 -0.000000  0.000000 -0.000000 -0.000000 -0.000000 -0.000000 -0.000000 -0.000000
  0.004701 -0.000000  0.000809  0.000000  0.745300  0.000000  0.004092  0.000000  0.016929  0.000000 -0.647476 -0.000000 -0.018861 -0.000000 -0.000489 -0.000000  0.000835 -0.000000 -0.123822  0.000000 -0.000071 -0.000000  0.003140 -0.000000  0.003052 -0.000000 -0.096480  0.000000  0.020562 -0.000000  0.022936 -0.000000  0.000000  0.000000 -0.000000 -0.000000  0.000000  0.000000  0.000000 -0.000000  0.000000 -0.000000 -0.000000 -0.000000
  0.026605 -0.000000  0.005293  0.000000  0.021312 -0.000000  0.023814  0.000000  0.631401  0.000000  0.013465 -0.000000  0.729399  0.000000 -0.003327 -0.000000  0.004427 -0.000000  0.015190  0.000000 -0.001332 -0.000000  0.013936 -0.000000  0.013899 -0.000000  0.021006  0.000000  0.002590 -0.000000 -0.015278 -0.000000 -0.003184  0.000000  0.258167 -0.000000 -0.000000  0.000000 -0.000000 -0.000000 -0.001783 -0.000000 -0.004496 -0.000000
 -0.021723 -0.000000  0.001081  0.000000  0.004350 -0.000000  0.004861  0.000000 -0.515537  0.000000 -0.010994 -0.000000  0.148888 -0.000000  0.002717 -0.000000  0.000904 -0.000000  0.003101  0.000000  0.001087 -0.000000 -0.011378 -0.000000  0.002837 -0.000000 -0.017152  0.000000 -0.002114 -0.000000 -0.003119 -0.000000 -0.010398  0.000000  0.843169  0.000000 -0.000000  0.000000 -0.000000 -0.000000 -0.005822 -0.000000 -0.014685 -0.000000
 -0.001860 -0.000000  0.000006  0.000000 -0.000701 -0.000000  0.000470  0.000000 -0.003407  0.000000  0.005888 -0.000000 -0.001007 -0.000000 -0.000006 -0.000000  0.000016 -0.000000  0.004646  0.000000 -0.000313 -0.000000 -0.001126 -0.000000  0.000331 -0.000000 -0.119892  0.000000 -0.475431 -0.000000  0.148860 -0.000000 -0.002662  0.000000 -0.007855 -0.000000 -0.000000  0.000000 -0.000000 -0.000000 -0.001853 -0.000000  0.843124  0.000000
  0.002278 -0.000000  0.000028  0.000000 -0.003435 -0.000000  0.002304  0.000000  0.004173  0.000000 -0.007212 -0.000000 -0.004933 -0.000000  0.000007 -0.000000  0.000076 -0.000000  0.022760  0.000000  0.000383 -0.000000  0.001380 -0.000000  0.001620 -0.000000  0.146837  0.000000  0.582282  0.000000  0.729260  0.000000 -0.000815  0.000000 -0.002405 -0.000000  0.000000  0.000000  0.000000 -0.000000 -0.000567 -0.000000  0.258153 -0.000000
 -0.005640 -0.000000  0.000898  0.000000  0.106054 -0.000000  0.003644  0.000000 -0.020107  0.000000 -0.108517 -0.000000 -0.016507 -0.000000  0.000680 -0.000000  0.001028 -0.000000  0.636306  0.000000  0.000476 -0.000000 -0.003829 -0.000000  0.002670 -0.000000  0.716189  0.000000 -0.289470 -0.000000 -0.021192 -0.000000 -0.000000  0.000000 -0.000000 -0.000000  0.000074  0.000000 -0.166667 -0.000000  0.000000 -0.000000  0.000000 -0.000000
  0.002522 -0.000000  0.000803  0.000000  0.094858 -0.000000  0.003259  0.000000  0.008992  0.000000  0.048530 -0.000000 -0.014764 -0.000000 -0.000304 -0.000000  0.000920 -0.000000  0.569129  0.000000 -0.000213 -0.000000  0.001712 -0.000000  0.002388 -0.000000 -0.320290  0.000000  0.129455 -0.000000 -0.018955 -0.000000  0.000000  0.000000  0.000000 -0.000000 -0.000331  0.000000  0.745356  0.000000  0.000000 -0.000000  0.000000 -0.000000
  0.024287 -0.000000 -0.004832  0.000000 -0.019455 -0.000000 -0.021739  0.000000  0.576388  0.000000  0.012292 -0.000000 -0.665847 -0.000000 -0.003037 -0.000000 -0.004042 -0.000000 -0.013866  0.000000 -0.001216 -0.000000  0.012721 -0.000000 -0.012688 -0.000000  0.019176  0.000000  0.002364 -0.000000  0.013947 -0.000000 -0.005812  0.000000  0.471346 -0.000000  0.000000  0.000000 -0.000000 -0.000000 -0.003254 -0.000000 -0.008209 -0.000000
  0.002080 -0.000000 -0.000025  0.000000  0.003136 -0.000000 -0.002103  0.000000  0.003810  0.000000 -0.006583 -0.000000  0.004503 -0.000000  0.000006 -0.000000 -0.000070 -0.000000 -0.020777  0.000000  0.000350 -0.000000  0.001259 -0.000000 -0.001479 -0.000000  0.134043  0.000000  0.531548 -0.000000 -0.665720 -0.000000 -0.001488  0.000000 -0.004391 -0.000000  0.000000  0.000000  0.000000 -0.000000 -0.001036 -0.000000  0.471321 -0.000000
  0.004368 -0.000000  0.000695  0.000000  0.082149 -0.000000  0.002823  0.000000  0.015574  0.000000  0.084057 -0.000000 -0.012786 -0.000000 -0.000526 -0.000000  0.000796 -0.000000  0.492881  0.000000 -0.000369 -0.000000  0.002966 -0.000000  0.002068 -0.000000 -0.554758  0.000000  0.224223 -0.000000 -0.016416 -0.000000  0.000000  0.000000 -0.000000 -0.000000  0.000286  0.000000 -0.645497 -0.000000  0.000000 -0.000000 -0.000000 -0.000000

#      4-
 #X
 -0.024951  0.000000 -0.005414  0.000000  0.985939  0.000000 -0.001070  0.000000  0.030341 -0.000000 -0.163801 -0.000000 -0.004037 -0.000000 -0.001105 -0.000000  0.000000 -0.000000  0.000000 -0.000000  0.000000  0.000000 -0.000000 -0.000000 -0.000000 -0.000000 -0.000000  0.000000
  0.998771  0.000000 -0.032608  0.000000  0.029183  0.000000 -0.007248  0.000000 -0.020921 -0.000000  0.020799 -0.000000 -0.019032 -0.000000 -0.006062 -0.000000 -0.000000 -0.000000  0.000000 -0.000000 -0.000000  0.000000 -0.000000 -0.000000 -0.000000 -0.000000 -0.000000  0.000000
 -0.006755  0.000000 -0.003154  0.000000 -0.004704  0.000000 -0.000038  0.000000  0.998581  0.000000  0.031166 -0.000000 -0.002219 -0.000000 -0.000104 -0.000000  0.000000 -0.000000  0.000000 -0.000000  0.000000  0.000000 -0.000000 -0.000000 -0.000000 -0.000000 -0.000000  0.000000
 -0.016094  0.000000 -0.003553  0.000000  0.103403  0.000000 -0.000875  0.000000 -0.020662 -0.000000  0.620396 -0.000000 -0.002603 -0.000000 -0.001002 -0.000000  0.638285  0.000000  0.428174 -0.000000  0.114755  0.000000 -0.000140 -0.000000  0.000190 -0.000000  0.000286  0.000000
 -0.003668  0.000000 -0.000810  0.000000  0.023568  0.000000 -0.000200  0.000000 -0.004709 -0.000000  0.141401 -0.000000 -0.000593 -0.000000 -0.000228 -0.000000 -0.509175 -0.000000  0.683130  0.000000 -0.503485  0.000000  0.000615 -0.000000  0.000303 -0.000000 -0.000228  0.000000
 -0.019410  0.000000 -0.004285  0.000000  0.124708  0.000000 -0.001056  0.000000 -0.024920 -0.000000  0.748226  0.000000 -0.003140 -0.000000 -0.001209 -0.000000 -0.384900 -0.000000 -0.516398 -0.000000 -0.095150  0.000000  0.000116 -0.000000 -0.000229 -0.000000 -0.000172  0.000000
 -0.002170  0.000000 -0.000479  0.000000  0.013943  0.000000 -0.000118  0.000000 -0.002786 -0.000000  0.083654 -0.000000 -0.000351 -0.000000 -0.000135 -0.000000 -0.430331 -0.000000  0.288675 -0.000000  0.851046  0.000000 -0.001040 -0.000000  0.000128 -0.000000 -0.000193  0.000000

 #Y
 -0.005414  0.000000 -0.024951  0.000000 -0.001070  0.000000  0.985939  0.000000 -0.004037 -0.000000 -0.001105 -0.000000  0.030341 -0.000000 -0.163801 -0.000000 -0.000000 -0.000000 -0.000000 -0.000000  0.000000  0.000000 -0.000000 -0.000000 -0.000000 -0.000000 -0.000000  0.000000
 -0.032608  0.000000  0.998771  0.000000 -0.007248  0.000000  0.029183  0.000000 -0.019032 -0.000000 -0.006062 -0.000000 -0.020921 -0.000000  0.020799 -0.000000 -0.000000 -0.000000  0.000000 -0.000000  0.000000  0.000000  0.000000 -0.000000  0.000000 -0.000000  0.000000  0.000000
 -0.003154  0.000000 -0.006755  0.000000 -0.000038  0.000000 -0.004704  0.000000 -0.002219 -0.000000 -0.000104 -0.000000  0.998581  0.000000  0.031166 -0.000000 -0.000000 -0.000000  0.000000 -0.000000  0.000000  0.000000  0.000000 -0.000000  0.000000 -0.000000  0.000000  0.000000
 -0.003553  0.000000 -0.016094  0.000000 -0.000875  0.000000  0.103403  0.000000 -0.002603 -0.000000 -0.001002 -0.000000 -0.020662 -0.000000  0.620396 -0.000000  0.000286 -0.000000  0.000190 -0.000000 -0.000140  0.000000  0.114755 -0.000000  0.428174 -0.000000  0.638285  0.000000
 -0.000810  0.000000 -0.003668  0.000000 -0.000200  0.000000  0.023568  0.000000 -0.000593 -0.000000 -0.000228 -0.000000 -0.004709 -0.000000  0.141401 -0.000000 -0.000228 -0.000000  0.000303 -0.000000  0.000615  0.000000 -0.503485 -0.000000  0.683130  0.000000 -0.509175  0.000000
 -0.004285  0.000000 -0.019410  0.000000 -0.001056  0.000000  0.124708  0.000000 -0.003140 -0.000000 -0.001209 -0.000000 -0.024920 -0.000000  0.748226  0.000000 -0.000172 -0.000000 -0.000229 -0.000000  0.000116  0.000000 -0.095150 -0.000000 -0.516398 -0.000000 -0.384900  0.000000
 -0.000479  0.000000 -0.002170  0.000000 -0.000118  0.000000  0.013943  0.000000 -0.000351 -0.000000 -0.000135 -0.000000 -0.002786 -0.000000  0.083654 -0.000000 -0.000193 -0.000000  0.000128 -0.000000 -0.001040  0.000000  0.851046  0.000000  0.288675 -0.000000 -0.430331  0.000000

#      5-
 #X
 -0.471404 -0.000000  0.843274  0.000000  0.258199 -0.000000 -0.000593  0.000000  0.000316 -0.000000 -0.000374  0.000000
  0.666666  0.000000  0.149071  0.000000  0.730296  0.000000  0.000839  0.000000  0.000892 -0.000000 -0.000066  0.000000
  0.577350 -0.000000  0.516398  0.000000 -0.632455 -0.000000  0.000726  0.000000 -0.000773 -0.000000 -0.000229  0.000000

 #Y
 -0.000593 -0.000000 -0.000374  0.000000  0.000316 -0.000000 -0.471404  0.000000  0.258199 -0.000000  0.843274  0.000000
  0.000839 -0.000000 -0.000066  0.000000  0.000892 -0.000000  0.666666  0.000000  0.730296  0.000000  0.149071  0.000000
  0.000726 -0.000000 -0.000229  0.000000 -0.000773 -0.000000  0.577350  0.000000 -0.632455 -0.000000  0.516398  0.000000

#      6-
 #X
  0.999999  0.000000 -0.001222  0.000000

 #Y
 -0.001222 -0.000000  0.999999  0.000000

