  -4.4732987865294236     
   0.0000000000000000     
  -1.8460681778419852     
   0.0000000000000000     
 -0.64925248540833469     
   0.0000000000000000     
 -0.19339123627256788     
   0.0000000000000000     
  -3.9721778199083874E-002
   1.8460681778419852     
   0.0000000000000000     
  0.64925248540833469     
   0.0000000000000000     
  0.19339123627256788     
   0.0000000000000000     
   3.9721778199083874E-002
   0.0000000000000000     
  -1.1853674441864066     
   0.0000000000000000     
 -0.51166512373561279     
   0.0000000000000000     
 -0.13760027711812939     
   0.0000000000000000     
   1.5830865270439531E-002
  0.51166512373561279     
   0.0000000000000000     
  0.13760027711812939     
   0.0000000000000000     
  -1.5830865270439531E-002
   0.0000000000000000     
 -0.19940174743663652     
   0.0000000000000000     
   3.0036955067034410E-002
   0.0000000000000000     
  0.13477753565310491     
  -3.0036955067034410E-002
   0.0000000000000000     
 -0.13477753565310491     
   0.0000000000000000     
  0.17646521595068859     
   0.0000000000000000     
  0.24857822306274036     
 -0.24857822306274013     
   0.0000000000000000     
  0.31330461701481116     
   0.0000000000000000     
   0.0000000000000000     
   0.0000000000000000     
   0.0000000000000000     
   0.0000000000000000     
   0.0000000000000000     
   0.0000000000000000     
   0.0000000000000000     
   0.0000000000000000     
   0.0000000000000000     
   0.0000000000000000     
   0.0000000000000000     
   0.0000000000000000     
   0.0000000000000000     
   0.0000000000000000     
   0.0000000000000000     
   0.0000000000000000     
   0.0000000000000000     
   0.0000000000000000     
   0.0000000000000000     
   0.0000000000000000     
   0.0000000000000000     
   0.0000000000000000     
   0.0000000000000000     
   0.0000000000000000     
   0.0000000000000000     
   0.0000000000000000     
   0.0000000000000000     
   0.0000000000000000     
   0.0000000000000000     
   0.0000000000000000     
   0.0000000000000000     
   0.0000000000000000     
   0.0000000000000000     
   0.0000000000000000     
   0.0000000000000000     
   0.0000000000000000     
   0.0000000000000000     
   0.0000000000000000     
   0.0000000000000000     
   0.0000000000000000     
   0.0000000000000000     
   0.0000000000000000     
   0.0000000000000000     
   0.0000000000000000     
  -1.8460681778419854     
   0.0000000000000000     
  -1.9147084526697991     
   0.0000000000000000     
  -1.1366621976424447     
   0.0000000000000000     
 -0.52277071098108219     
   0.0000000000000000     
 -0.18940178929949358     
   1.9147084526697991     
   0.0000000000000000     
   1.1366621976424447     
   0.0000000000000000     
  0.52277071098108219     
   0.0000000000000000     
  0.18940178929949358     
   0.0000000000000000     
 -0.84453966753481069     
   0.0000000000000000     
 -0.51745134902277401     
   0.0000000000000000     
 -0.26932458460568587     
   0.0000000000000000     
  -7.6751799932035902E-002
  0.51745134902277379     
   0.0000000000000000     
  0.26932458460568587     
   0.0000000000000000     
   7.6751799932035902E-002
   0.0000000000000000     
 -0.20345472354026883     
   0.0000000000000000     
  -4.5137270091476001E-002
   0.0000000000000000     
   6.3880859777781518E-002
   4.5137270091475890E-002
   0.0000000000000000     
  -6.3880859777781518E-002
   0.0000000000000000     
   7.6071077227661599E-002
   0.0000000000000000     
  0.14851679424967021     
 -0.14851679424967032     
   0.0000000000000000     
  0.19411612941896619     
   0.0000000000000000     
   0.0000000000000000     
   0.0000000000000000     
   0.0000000000000000     
   0.0000000000000000     
   0.0000000000000000     
   0.0000000000000000     
   0.0000000000000000     
   0.0000000000000000     
   0.0000000000000000     
   0.0000000000000000     
   0.0000000000000000     
   0.0000000000000000     
   0.0000000000000000     
   0.0000000000000000     
   0.0000000000000000     
   0.0000000000000000     
   0.0000000000000000     
   0.0000000000000000     
   0.0000000000000000     
   0.0000000000000000     
   0.0000000000000000     
   0.0000000000000000     
   0.0000000000000000     
   0.0000000000000000     
   0.0000000000000000     
   0.0000000000000000     
   0.0000000000000000     
   0.0000000000000000     
   0.0000000000000000     
   0.0000000000000000     
   0.0000000000000000     
   0.0000000000000000     
   0.0000000000000000     
   0.0000000000000000     
   0.0000000000000000     
   0.0000000000000000     
   0.0000000000000000     
   0.0000000000000000     
   0.0000000000000000     
   0.0000000000000000     
   0.0000000000000000     
   0.0000000000000000     
   0.0000000000000000     
   0.0000000000000000     
 -0.64925248540833480     
   0.0000000000000000     
  -1.1366621976424462     
   0.0000000000000000     
  -1.1139483553503742     
   0.0000000000000000     
 -0.77075838578317979     
   0.0000000000000000     
 -0.42106871834639120     
   1.1366621976424467     
   0.0000000000000000     
   1.1139483553503742     
   0.0000000000000000     
  0.77075838578317979     
   0.0000000000000000     
  0.42106871834639120     
   0.0000000000000000     
 -0.85713974700860018     
   0.0000000000000000     
 -0.45325652388512139     
   0.0000000000000000     
 -0.28261632780450258     
   0.0000000000000000     
 -0.16767062800099858     
  0.45325652388512139     
   0.0000000000000000     
  0.28261632780450258     
   0.0000000000000000     
  0.16767062800099858     
   0.0000000000000000     
 -0.18775186248248632     
   0.0000000000000000     
  -4.4905134518953060E-002
   0.0000000000000000     
   2.3097229690241722E-002
   4.4905134518953060E-002
   0.0000000000000000     
  -2.3097229690241722E-002
   0.0000000000000000     
   7.5956905072735004E-002
   0.0000000000000000     
  0.13035561733939149     
 -0.13035561733939149     
   0.0000000000000000     
  0.18192873070365390     
   0.0000000000000000     
   0.0000000000000000     
   0.0000000000000000     
   0.0000000000000000     
   0.0000000000000000     
   0.0000000000000000     
   0.0000000000000000     
   0.0000000000000000     
   0.0000000000000000     
   0.0000000000000000     
   0.0000000000000000     
   0.0000000000000000     
   0.0000000000000000     
   0.0000000000000000     
   0.0000000000000000     
   0.0000000000000000     
   0.0000000000000000     
   0.0000000000000000     
   0.0000000000000000     
   0.0000000000000000     
   0.0000000000000000     
   0.0000000000000000     
   0.0000000000000000     
   0.0000000000000000     
   0.0000000000000000     
   0.0000000000000000     
   0.0000000000000000     
   0.0000000000000000     
   0.0000000000000000     
   0.0000000000000000     
   0.0000000000000000     
   0.0000000000000000     
   0.0000000000000000     
   0.0000000000000000     
   0.0000000000000000     
   0.0000000000000000     
   0.0000000000000000     
   0.0000000000000000     
   0.0000000000000000     
   0.0000000000000000     
   0.0000000000000000     
   0.0000000000000000     
   0.0000000000000000     
   0.0000000000000000     
   0.0000000000000000     
 -0.19339123627256771     
   0.0000000000000000     
 -0.52277071098108230     
   0.0000000000000000     
 -0.77075838578317879     
   0.0000000000000000     
 -0.76729435237625943     
   0.0000000000000000     
 -0.58520480006550391     
  0.52277071098108230     
   0.0000000000000000     
  0.77075838578317879     
   0.0000000000000000     
  0.76729435237625943     
   0.0000000000000000     
  0.58520480006550391     
   0.0000000000000000     
 -0.62479797254124136     
   0.0000000000000000     
 -0.44531381746921250     
   0.0000000000000000     
 -0.26804089585967927     
   0.0000000000000000     
 -0.18246738501019213     
  0.44531381746921250     
   0.0000000000000000     
  0.26804089585967927     
   0.0000000000000000     
  0.18246738501019213     
   0.0000000000000000     
 -0.16459556197111325     
   0.0000000000000000     
  -4.1336170167682929E-002
   0.0000000000000000     
   2.0957835898226446E-002
   4.1336170167682817E-002
   0.0000000000000000     
  -2.0957835898226418E-002
   0.0000000000000000     
   7.0230452512000663E-002
   0.0000000000000000     
  0.12185919749338078     
 -0.12185919749338067     
   0.0000000000000000     
  0.16713531511166890     
   0.0000000000000000     
   0.0000000000000000     
   0.0000000000000000     
   0.0000000000000000     
   0.0000000000000000     
   0.0000000000000000     
   0.0000000000000000     
   0.0000000000000000     
   0.0000000000000000     
   0.0000000000000000     
   0.0000000000000000     
   0.0000000000000000     
   0.0000000000000000     
   0.0000000000000000     
   0.0000000000000000     
   0.0000000000000000     
   0.0000000000000000     
   0.0000000000000000     
   0.0000000000000000     
   0.0000000000000000     
   0.0000000000000000     
   0.0000000000000000     
   0.0000000000000000     
   0.0000000000000000     
   0.0000000000000000     
   0.0000000000000000     
   0.0000000000000000     
   0.0000000000000000     
   0.0000000000000000     
   0.0000000000000000     
   0.0000000000000000     
   0.0000000000000000     
   0.0000000000000000     
   0.0000000000000000     
   0.0000000000000000     
   0.0000000000000000     
   0.0000000000000000     
   0.0000000000000000     
   0.0000000000000000     
   0.0000000000000000     
   0.0000000000000000     
   0.0000000000000000     
   0.0000000000000000     
   0.0000000000000000     
   0.0000000000000000     
  -3.9721778199083957E-002
   0.0000000000000000     
 -0.18940178929949214     
   0.0000000000000000     
 -0.42106871834639120     
   0.0000000000000000     
 -0.58520480006550413     
   0.0000000000000000     
 -0.59750166433309060     
  0.18940178929949214     
   0.0000000000000000     
  0.42106871834639120     
   0.0000000000000000     
  0.58520480006550435     
   0.0000000000000000     
  0.59750166433309060     
   0.0000000000000000     
 -0.33399911740866073     
   0.0000000000000000     
 -0.35018742542179604     
   0.0000000000000000     
 -0.25807785585287352     
   0.0000000000000000     
 -0.17632681475998049     
  0.35018742542179604     
   0.0000000000000000     
  0.25807785585287352     
   0.0000000000000000     
  0.17632681475998049     
   0.0000000000000000     
 -0.16488686376648543     
   0.0000000000000000     
  -3.6977191110976193E-002
   0.0000000000000000     
   2.1046917810891491E-002
   3.6977191110976193E-002
   0.0000000000000000     
  -2.1046917810891491E-002
   0.0000000000000000     
   6.5314467027225209E-002
   0.0000000000000000     
  0.11470819880147423     
 -0.11470819880147423     
   0.0000000000000000     
  0.15769936445943911     
   1.8460681778419858     
   0.0000000000000000     
   1.9147084526697991     
   0.0000000000000000     
   1.1366621976424447     
   0.0000000000000000     
  0.52277071098108219     
   0.0000000000000000     
  0.18940178929949358     
  -1.9147084526697991     
   0.0000000000000000     
  -1.1366621976424447     
   0.0000000000000000     
 -0.52277071098108219     
   0.0000000000000000     
 -0.18940178929949358     
   0.0000000000000000     
  0.84453966753481025     
   0.0000000000000000     
  0.51745134902277379     
   0.0000000000000000     
  0.26932458460568598     
   0.0000000000000000     
   7.6751799932035902E-002
 -0.51745134902277379     
   0.0000000000000000     
 -0.26932458460568598     
   0.0000000000000000     
  -7.6751799932035902E-002
   0.0000000000000000     
  0.20345472354026883     
   0.0000000000000000     
   4.5137270091476001E-002
   0.0000000000000000     
  -6.3880859777781518E-002
  -4.5137270091476001E-002
   0.0000000000000000     
   6.3880859777781518E-002
   0.0000000000000000     
  -7.6071077227661821E-002
   0.0000000000000000     
 -0.14851679424967032     
  0.14851679424967032     
   0.0000000000000000     
 -0.19411612941896619     
   0.0000000000000000     
   0.0000000000000000     
   0.0000000000000000     
   0.0000000000000000     
   0.0000000000000000     
   0.0000000000000000     
   0.0000000000000000     
   0.0000000000000000     
   0.0000000000000000     
   0.0000000000000000     
   0.0000000000000000     
   0.0000000000000000     
   0.0000000000000000     
   0.0000000000000000     
   0.0000000000000000     
   0.0000000000000000     
   0.0000000000000000     
   0.0000000000000000     
   0.0000000000000000     
   0.0000000000000000     
   0.0000000000000000     
   0.0000000000000000     
   0.0000000000000000     
   0.0000000000000000     
   0.0000000000000000     
   0.0000000000000000     
   0.0000000000000000     
   0.0000000000000000     
   0.0000000000000000     
   0.0000000000000000     
   0.0000000000000000     
   0.0000000000000000     
   0.0000000000000000     
   0.0000000000000000     
   0.0000000000000000     
   0.0000000000000000     
   0.0000000000000000     
   0.0000000000000000     
   0.0000000000000000     
   0.0000000000000000     
   0.0000000000000000     
   0.0000000000000000     
   0.0000000000000000     
   0.0000000000000000     
   0.0000000000000000     
  0.64925248540833480     
   0.0000000000000000     
   1.1366621976424462     
   0.0000000000000000     
   1.1139483553503742     
   0.0000000000000000     
  0.77075838578317979     
   0.0000000000000000     
  0.42106871834639120     
  -1.1366621976424462     
   0.0000000000000000     
  -1.1139483553503742     
   0.0000000000000000     
 -0.77075838578317979     
   0.0000000000000000     
 -0.42106871834639120     
   0.0000000000000000     
  0.85713974700860018     
   0.0000000000000000     
  0.45325652388512139     
   0.0000000000000000     
  0.28261632780450258     
   0.0000000000000000     
  0.16767062800099858     
 -0.45325652388512139     
   0.0000000000000000     
 -0.28261632780450258     
   0.0000000000000000     
 -0.16767062800099858     
   0.0000000000000000     
  0.18775186248248632     
   0.0000000000000000     
   4.4905134518953171E-002
   0.0000000000000000     
  -2.3097229690241833E-002
  -4.4905134518953227E-002
   0.0000000000000000     
   2.3097229690241833E-002
   0.0000000000000000     
  -7.5956905072735004E-002
   0.0000000000000000     
 -0.13035561733939149     
  0.13035561733939149     
   0.0000000000000000     
 -0.18192873070365390     
   0.0000000000000000     
   0.0000000000000000     
   0.0000000000000000     
   0.0000000000000000     
   0.0000000000000000     
   0.0000000000000000     
   0.0000000000000000     
   0.0000000000000000     
   0.0000000000000000     
   0.0000000000000000     
   0.0000000000000000     
   0.0000000000000000     
   0.0000000000000000     
   0.0000000000000000     
   0.0000000000000000     
   0.0000000000000000     
   0.0000000000000000     
   0.0000000000000000     
   0.0000000000000000     
   0.0000000000000000     
   0.0000000000000000     
   0.0000000000000000     
   0.0000000000000000     
   0.0000000000000000     
   0.0000000000000000     
   0.0000000000000000     
   0.0000000000000000     
   0.0000000000000000     
   0.0000000000000000     
   0.0000000000000000     
   0.0000000000000000     
   0.0000000000000000     
   0.0000000000000000     
   0.0000000000000000     
   0.0000000000000000     
   0.0000000000000000     
   0.0000000000000000     
   0.0000000000000000     
   0.0000000000000000     
   0.0000000000000000     
   0.0000000000000000     
   0.0000000000000000     
   0.0000000000000000     
   0.0000000000000000     
   0.0000000000000000     
  0.19339123627256760     
   0.0000000000000000     
  0.52277071098108219     
   0.0000000000000000     
  0.77075838578317879     
   0.0000000000000000     
  0.76729435237625920     
   0.0000000000000000     
  0.58520480006550391     
 -0.52277071098108230     
   0.0000000000000000     
 -0.77075838578317879     
   0.0000000000000000     
 -0.76729435237625920     
   0.0000000000000000     
 -0.58520480006550413     
   0.0000000000000000     
  0.62479797254124136     
   0.0000000000000000     
  0.44531381746921239     
   0.0000000000000000     
  0.26804089585967938     
   0.0000000000000000     
  0.18246738501019211     
 -0.44531381746921250     
   0.0000000000000000     
 -0.26804089585967927     
   0.0000000000000000     
 -0.18246738501019213     
   0.0000000000000000     
  0.16459556197111325     
   0.0000000000000000     
   4.1336170167682817E-002
   0.0000000000000000     
  -2.0957835898226446E-002
  -4.1336170167682817E-002
   0.0000000000000000     
   2.0957835898226446E-002
   0.0000000000000000     
  -7.0230452512000663E-002
   0.0000000000000000     
 -0.12185919749338067     
  0.12185919749338067     
   0.0000000000000000     
 -0.16713531511166890     
   0.0000000000000000     
   0.0000000000000000     
   0.0000000000000000     
   0.0000000000000000     
   0.0000000000000000     
   0.0000000000000000     
   0.0000000000000000     
   0.0000000000000000     
   0.0000000000000000     
   0.0000000000000000     
   0.0000000000000000     
   0.0000000000000000     
   0.0000000000000000     
   0.0000000000000000     
   0.0000000000000000     
   0.0000000000000000     
   0.0000000000000000     
   0.0000000000000000     
   0.0000000000000000     
   0.0000000000000000     
   0.0000000000000000     
   0.0000000000000000     
   0.0000000000000000     
   0.0000000000000000     
   0.0000000000000000     
   0.0000000000000000     
   0.0000000000000000     
   0.0000000000000000     
   0.0000000000000000     
   0.0000000000000000     
   0.0000000000000000     
   0.0000000000000000     
   0.0000000000000000     
   0.0000000000000000     
   0.0000000000000000     
   0.0000000000000000     
   0.0000000000000000     
   0.0000000000000000     
   0.0000000000000000     
   0.0000000000000000     
   0.0000000000000000     
   0.0000000000000000     
   0.0000000000000000     
   0.0000000000000000     
   0.0000000000000000     
   3.9721778199083957E-002
   0.0000000000000000     
  0.18940178929949214     
   0.0000000000000000     
  0.42106871834639120     
   0.0000000000000000     
  0.58520480006550413     
   0.0000000000000000     
  0.59750166433309060     
 -0.18940178929949214     
   0.0000000000000000     
 -0.42106871834639120     
   0.0000000000000000     
 -0.58520480006550413     
   0.0000000000000000     
 -0.59750166433309060     
   0.0000000000000000     
  0.33399911740866051     
   0.0000000000000000     
  0.35018742542179593     
   0.0000000000000000     
  0.25807785585287357     
   0.0000000000000000     
  0.17632681475998038     
 -0.35018742542179593     
   0.0000000000000000     
 -0.25807785585287357     
   0.0000000000000000     
 -0.17632681475998038     
   0.0000000000000000     
  0.16488686376648543     
   0.0000000000000000     
   3.6977191110976138E-002
   0.0000000000000000     
  -2.1046917810891491E-002
  -3.6977191110976138E-002
   0.0000000000000000     
   2.1046917810891491E-002
   0.0000000000000000     
  -6.5314467027224987E-002
   0.0000000000000000     
 -0.11470819880147423     
  0.11470819880147423     
   0.0000000000000000     
 -0.15769936445943922     
   0.0000000000000000     
   0.0000000000000000     
   0.0000000000000000     
   0.0000000000000000     
   0.0000000000000000     
   0.0000000000000000     
   0.0000000000000000     
   0.0000000000000000     
   0.0000000000000000     
   0.0000000000000000     
   0.0000000000000000     
   0.0000000000000000     
   0.0000000000000000     
   0.0000000000000000     
   0.0000000000000000     
   0.0000000000000000     
   0.0000000000000000     
   0.0000000000000000     
   0.0000000000000000     
   0.0000000000000000     
   0.0000000000000000     
   0.0000000000000000     
   0.0000000000000000     
   0.0000000000000000     
   0.0000000000000000     
   0.0000000000000000     
   0.0000000000000000     
   0.0000000000000000     
   0.0000000000000000     
   0.0000000000000000     
   0.0000000000000000     
   0.0000000000000000     
   0.0000000000000000     
   0.0000000000000000     
   0.0000000000000000     
   0.0000000000000000     
   0.0000000000000000     
   0.0000000000000000     
   0.0000000000000000     
   0.0000000000000000     
   0.0000000000000000     
   0.0000000000000000     
   0.0000000000000000     
   0.0000000000000000     
   0.0000000000000000     
  -1.1853674441864075     
   0.0000000000000000     
 -0.84453966753481058     
   0.0000000000000000     
 -0.85713974700859952     
   0.0000000000000000     
 -0.62479797254124259     
   0.0000000000000000     
 -0.33399911740866139     
  0.84453966753481058     
   0.0000000000000000     
  0.85713974700859952     
   0.0000000000000000     
  0.62479797254124259     
   0.0000000000000000     
  0.33399911740866139     
   0.0000000000000000     
  -1.5894711823118710     
   0.0000000000000000     
 -0.73341171146383888     
   0.0000000000000000     
 -0.26710294234102994     
   0.0000000000000000     
  -6.5814764818924010E-002
  0.73341171146383888     
   0.0000000000000000     
  0.26710294234103005     
   0.0000000000000000     
   6.5814764818924121E-002
   0.0000000000000000     
 -0.58940042981409846     
   0.0000000000000000     
 -0.26066915288833215     
   0.0000000000000000     
  -2.9440805360100131E-002
  0.26066915288833215     
   0.0000000000000000     
   2.9440805360100131E-002
   0.0000000000000000     
 -0.14615008573886712     
   0.0000000000000000     
   1.3902464858047692E-003
  -1.3902464858047692E-003
   0.0000000000000000     
   7.3097406426969269E-002
   0.0000000000000000     
   0.0000000000000000     
   0.0000000000000000     
   0.0000000000000000     
   0.0000000000000000     
   0.0000000000000000     
   0.0000000000000000     
   0.0000000000000000     
   0.0000000000000000     
   0.0000000000000000     
   0.0000000000000000     
   0.0000000000000000     
   0.0000000000000000     
   0.0000000000000000     
   0.0000000000000000     
   0.0000000000000000     
   0.0000000000000000     
   0.0000000000000000     
   0.0000000000000000     
   0.0000000000000000     
   0.0000000000000000     
   0.0000000000000000     
   0.0000000000000000     
   0.0000000000000000     
   0.0000000000000000     
   0.0000000000000000     
   0.0000000000000000     
   0.0000000000000000     
   0.0000000000000000     
   0.0000000000000000     
   0.0000000000000000     
   0.0000000000000000     
   0.0000000000000000     
   0.0000000000000000     
   0.0000000000000000     
   0.0000000000000000     
   0.0000000000000000     
   0.0000000000000000     
   0.0000000000000000     
   0.0000000000000000     
   0.0000000000000000     
   0.0000000000000000     
   0.0000000000000000     
   0.0000000000000000     
   0.0000000000000000     
 -0.51166512373561446     
   0.0000000000000000     
 -0.51745134902277401     
   0.0000000000000000     
 -0.45325652388512039     
   0.0000000000000000     
 -0.44531381746921195     
   0.0000000000000000     
 -0.35018742542179537     
  0.51745134902277401     
   0.0000000000000000     
  0.45325652388512039     
   0.0000000000000000     
  0.44531381746921195     
   0.0000000000000000     
  0.35018742542179537     
   0.0000000000000000     
 -0.73341171146383832     
   0.0000000000000000     
 -0.90629618206151219     
   0.0000000000000000     
 -0.50886788585697684     
   0.0000000000000000     
 -0.17871047541685953     
  0.90629618206151219     
   0.0000000000000000     
  0.50886788585697684     
   0.0000000000000000     
  0.17871047541685953     
   0.0000000000000000     
 -0.47254468210053679     
   0.0000000000000000     
 -0.31999137191616689     
   0.0000000000000000     
 -0.15223390911174045     
  0.31999137191616689     
   0.0000000000000000     
  0.15223390911174045     
   0.0000000000000000     
 -0.15533229505821577     
   0.0000000000000000     
  -5.3603787879253961E-002
   5.3603787879253961E-002
   0.0000000000000000     
   2.2878906930708265E-002
   0.0000000000000000     
   0.0000000000000000     
   0.0000000000000000     
   0.0000000000000000     
   0.0000000000000000     
   0.0000000000000000     
   0.0000000000000000     
   0.0000000000000000     
   0.0000000000000000     
   0.0000000000000000     
   0.0000000000000000     
   0.0000000000000000     
   0.0000000000000000     
   0.0000000000000000     
   0.0000000000000000     
   0.0000000000000000     
   0.0000000000000000     
   0.0000000000000000     
   0.0000000000000000     
   0.0000000000000000     
   0.0000000000000000     
   0.0000000000000000     
   0.0000000000000000     
   0.0000000000000000     
   0.0000000000000000     
   0.0000000000000000     
   0.0000000000000000     
   0.0000000000000000     
   0.0000000000000000     
   0.0000000000000000     
   0.0000000000000000     
   0.0000000000000000     
   0.0000000000000000     
   0.0000000000000000     
   0.0000000000000000     
   0.0000000000000000     
   0.0000000000000000     
   0.0000000000000000     
   0.0000000000000000     
   0.0000000000000000     
   0.0000000000000000     
   0.0000000000000000     
   0.0000000000000000     
   0.0000000000000000     
   0.0000000000000000     
 -0.13760027711812883     
   0.0000000000000000     
 -0.26932458460568592     
   0.0000000000000000     
 -0.28261632780450280     
   0.0000000000000000     
 -0.26804089585967950     
   0.0000000000000000     
 -0.25807785585287280     
  0.26932458460568592     
   0.0000000000000000     
  0.28261632780450258     
   0.0000000000000000     
  0.26804089585967961     
   0.0000000000000000     
  0.25807785585287280     
   0.0000000000000000     
 -0.26710294234102983     
   0.0000000000000000     
 -0.50886788585697718     
   0.0000000000000000     
 -0.57358929396218650     
   0.0000000000000000     
 -0.36145309918605012     
  0.50886788585697718     
   0.0000000000000000     
  0.57358929396218650     
   0.0000000000000000     
  0.36145309918605012     
   0.0000000000000000     
 -0.50807357001616493     
   0.0000000000000000     
 -0.28453606479430460     
   0.0000000000000000     
 -0.18550064117756693     
  0.28453606479430454     
   0.0000000000000000     
  0.18550064117756693     
   0.0000000000000000     
 -0.14574172285712461     
   0.0000000000000000     
  -5.2426216881579168E-002
   5.2426216881579168E-002
   0.0000000000000000     
   3.0384224703277174E-002
   0.0000000000000000     
   0.0000000000000000     
   0.0000000000000000     
   0.0000000000000000     
   0.0000000000000000     
   0.0000000000000000     
   0.0000000000000000     
   0.0000000000000000     
   0.0000000000000000     
   0.0000000000000000     
   0.0000000000000000     
   0.0000000000000000     
   0.0000000000000000     
   0.0000000000000000     
   0.0000000000000000     
   0.0000000000000000     
   0.0000000000000000     
   0.0000000000000000     
   0.0000000000000000     
   0.0000000000000000     
   0.0000000000000000     
   0.0000000000000000     
   0.0000000000000000     
   0.0000000000000000     
   0.0000000000000000     
   0.0000000000000000     
   0.0000000000000000     
   0.0000000000000000     
   0.0000000000000000     
   0.0000000000000000     
   0.0000000000000000     
   0.0000000000000000     
   0.0000000000000000     
   0.0000000000000000     
   0.0000000000000000     
   0.0000000000000000     
   0.0000000000000000     
   0.0000000000000000     
   0.0000000000000000     
   0.0000000000000000     
   0.0000000000000000     
   0.0000000000000000     
   0.0000000000000000     
   0.0000000000000000     
   0.0000000000000000     
   1.5830865270441197E-002
   0.0000000000000000     
  -7.6751799932036568E-002
   0.0000000000000000     
 -0.16767062800099852     
   0.0000000000000000     
 -0.18246738501019216     
   0.0000000000000000     
 -0.17632681475998008     
   7.6751799932036679E-002
   0.0000000000000000     
  0.16767062800099852     
   0.0000000000000000     
  0.18246738501019216     
   0.0000000000000000     
  0.17632681475998008     
   0.0000000000000000     
  -6.5814764818923899E-002
   0.0000000000000000     
 -0.17871047541685897     
   0.0000000000000000     
 -0.36145309918604984     
   0.0000000000000000     
 -0.39882083150437769     
  0.17871047541685897     
   0.0000000000000000     
  0.36145309918605001     
   0.0000000000000000     
  0.39882083150437769     
   0.0000000000000000     
 -0.33197994792285179     
   0.0000000000000000     
 -0.29271384274095491     
   0.0000000000000000     
 -0.17695119832412737     
  0.29271384274095491     
   0.0000000000000000     
  0.17695119832412737     
   0.0000000000000000     
 -0.12827227393448803     
   0.0000000000000000     
  -4.9205617477088737E-002
   4.9205617477088737E-002
   0.0000000000000000     
   2.7832449152993100E-002
  0.51166512373561446     
   0.0000000000000000     
  0.51745134902277401     
   0.0000000000000000     
  0.45325652388512039     
   0.0000000000000000     
  0.44531381746921195     
   0.0000000000000000     
  0.35018742542179537     
 -0.51745134902277401     
   0.0000000000000000     
 -0.45325652388512039     
   0.0000000000000000     
 -0.44531381746921195     
   0.0000000000000000     
 -0.35018742542179537     
   0.0000000000000000     
  0.73341171146383832     
   0.0000000000000000     
  0.90629618206151219     
   0.0000000000000000     
  0.50886788585697684     
   0.0000000000000000     
  0.17871047541685953     
 -0.90629618206151219     
   0.0000000000000000     
 -0.50886788585697684     
   0.0000000000000000     
 -0.17871047541685953     
   0.0000000000000000     
  0.47254468210053679     
   0.0000000000000000     
  0.31999137191616689     
   0.0000000000000000     
  0.15223390911174051     
 -0.31999137191616689     
   0.0000000000000000     
 -0.15223390911174051     
   0.0000000000000000     
  0.15533229505821589     
   0.0000000000000000     
   5.3603787879253961E-002
  -5.3603787879253961E-002
   0.0000000000000000     
  -2.2878906930708209E-002
   0.0000000000000000     
   0.0000000000000000     
   0.0000000000000000     
   0.0000000000000000     
   0.0000000000000000     
   0.0000000000000000     
   0.0000000000000000     
   0.0000000000000000     
   0.0000000000000000     
   0.0000000000000000     
   0.0000000000000000     
   0.0000000000000000     
   0.0000000000000000     
   0.0000000000000000     
   0.0000000000000000     
   0.0000000000000000     
   0.0000000000000000     
   0.0000000000000000     
   0.0000000000000000     
   0.0000000000000000     
   0.0000000000000000     
   0.0000000000000000     
   0.0000000000000000     
   0.0000000000000000     
   0.0000000000000000     
   0.0000000000000000     
   0.0000000000000000     
   0.0000000000000000     
   0.0000000000000000     
   0.0000000000000000     
   0.0000000000000000     
   0.0000000000000000     
   0.0000000000000000     
   0.0000000000000000     
   0.0000000000000000     
   0.0000000000000000     
   0.0000000000000000     
   0.0000000000000000     
   0.0000000000000000     
   0.0000000000000000     
   0.0000000000000000     
   0.0000000000000000     
   0.0000000000000000     
   0.0000000000000000     
   0.0000000000000000     
  0.13760027711812883     
   0.0000000000000000     
  0.26932458460568592     
   0.0000000000000000     
  0.28261632780450258     
   0.0000000000000000     
  0.26804089585967961     
   0.0000000000000000     
  0.25807785585287280     
 -0.26932458460568592     
   0.0000000000000000     
 -0.28261632780450258     
   0.0000000000000000     
 -0.26804089585967961     
   0.0000000000000000     
 -0.25807785585287280     
   0.0000000000000000     
  0.26710294234102983     
   0.0000000000000000     
  0.50886788585697718     
   0.0000000000000000     
  0.57358929396218650     
   0.0000000000000000     
  0.36145309918605012     
 -0.50886788585697718     
   0.0000000000000000     
 -0.57358929396218650     
   0.0000000000000000     
 -0.36145309918605018     
   0.0000000000000000     
  0.50807357001616493     
   0.0000000000000000     
  0.28453606479430454     
   0.0000000000000000     
  0.18550064117756693     
 -0.28453606479430454     
   0.0000000000000000     
 -0.18550064117756693     
   0.0000000000000000     
  0.14574172285712483     
   0.0000000000000000     
   5.2426216881579168E-002
  -5.2426216881579168E-002
   0.0000000000000000     
  -3.0384224703277229E-002
   0.0000000000000000     
   0.0000000000000000     
   0.0000000000000000     
   0.0000000000000000     
   0.0000000000000000     
   0.0000000000000000     
   0.0000000000000000     
   0.0000000000000000     
   0.0000000000000000     
   0.0000000000000000     
   0.0000000000000000     
   0.0000000000000000     
   0.0000000000000000     
   0.0000000000000000     
   0.0000000000000000     
   0.0000000000000000     
   0.0000000000000000     
   0.0000000000000000     
   0.0000000000000000     
   0.0000000000000000     
   0.0000000000000000     
   0.0000000000000000     
   0.0000000000000000     
   0.0000000000000000     
   0.0000000000000000     
   0.0000000000000000     
   0.0000000000000000     
   0.0000000000000000     
   0.0000000000000000     
   0.0000000000000000     
   0.0000000000000000     
   0.0000000000000000     
   0.0000000000000000     
   0.0000000000000000     
   0.0000000000000000     
   0.0000000000000000     
   0.0000000000000000     
   0.0000000000000000     
   0.0000000000000000     
   0.0000000000000000     
   0.0000000000000000     
   0.0000000000000000     
   0.0000000000000000     
   0.0000000000000000     
   0.0000000000000000     
  -1.5830865270441197E-002
   0.0000000000000000     
   7.6751799932036679E-002
   0.0000000000000000     
  0.16767062800099852     
   0.0000000000000000     
  0.18246738501019222     
   0.0000000000000000     
  0.17632681475998008     
  -7.6751799932036679E-002
   0.0000000000000000     
 -0.16767062800099852     
   0.0000000000000000     
 -0.18246738501019222     
   0.0000000000000000     
 -0.17632681475998008     
   0.0000000000000000     
   6.5814764818923899E-002
   0.0000000000000000     
  0.17871047541685897     
   0.0000000000000000     
  0.36145309918604979     
   0.0000000000000000     
  0.39882083150437792     
 -0.17871047541685897     
   0.0000000000000000     
 -0.36145309918604984     
   0.0000000000000000     
 -0.39882083150437792     
   0.0000000000000000     
  0.33197994792285157     
   0.0000000000000000     
  0.29271384274095491     
   0.0000000000000000     
  0.17695119832412742     
 -0.29271384274095491     
   0.0000000000000000     
 -0.17695119832412737     
   0.0000000000000000     
  0.12827227393448792     
   0.0000000000000000     
   4.9205617477088848E-002
  -4.9205617477088848E-002
   0.0000000000000000     
  -2.7832449152993211E-002
   0.0000000000000000     
   0.0000000000000000     
   0.0000000000000000     
   0.0000000000000000     
   0.0000000000000000     
   0.0000000000000000     
   0.0000000000000000     
   0.0000000000000000     
   0.0000000000000000     
   0.0000000000000000     
   0.0000000000000000     
   0.0000000000000000     
   0.0000000000000000     
   0.0000000000000000     
   0.0000000000000000     
   0.0000000000000000     
   0.0000000000000000     
   0.0000000000000000     
   0.0000000000000000     
   0.0000000000000000     
   0.0000000000000000     
   0.0000000000000000     
   0.0000000000000000     
   0.0000000000000000     
   0.0000000000000000     
   0.0000000000000000     
   0.0000000000000000     
   0.0000000000000000     
   0.0000000000000000     
   0.0000000000000000     
   0.0000000000000000     
   0.0000000000000000     
   0.0000000000000000     
   0.0000000000000000     
   0.0000000000000000     
   0.0000000000000000     
   0.0000000000000000     
   0.0000000000000000     
   0.0000000000000000     
   0.0000000000000000     
   0.0000000000000000     
   0.0000000000000000     
   0.0000000000000000     
   0.0000000000000000     
   0.0000000000000000     
 -0.19940174743663630     
   0.0000000000000000     
 -0.20345472354026795     
   0.0000000000000000     
 -0.18775186248248721     
   0.0000000000000000     
 -0.16459556197111269     
   0.0000000000000000     
 -0.16488686376648620     
  0.20345472354026783     
   0.0000000000000000     
  0.18775186248248732     
   0.0000000000000000     
  0.16459556197111258     
   0.0000000000000000     
  0.16488686376648620     
   0.0000000000000000     
 -0.58940042981409846     
   0.0000000000000000     
 -0.47254468210053657     
   0.0000000000000000     
 -0.50807357001616560     
   0.0000000000000000     
 -0.33197994792285113     
  0.47254468210053668     
   0.0000000000000000     
  0.50807357001616560     
   0.0000000000000000     
  0.33197994792285102     
   0.0000000000000000     
 -0.88885372050438582     
   0.0000000000000000     
 -0.43757697077386326     
   0.0000000000000000     
 -0.17378195582987599     
  0.43757697077386326     
   0.0000000000000000     
  0.17378195582987599     
   0.0000000000000000     
 -0.39828826969396958     
   0.0000000000000000     
 -0.18966317564945356     
  0.18966317564945379     
   0.0000000000000000     
 -0.13554179697036456     
   0.0000000000000000     
   0.0000000000000000     
   0.0000000000000000     
   0.0000000000000000     
   0.0000000000000000     
   0.0000000000000000     
   0.0000000000000000     
   0.0000000000000000     
   0.0000000000000000     
   0.0000000000000000     
   0.0000000000000000     
   0.0000000000000000     
   0.0000000000000000     
   0.0000000000000000     
   0.0000000000000000     
   0.0000000000000000     
   0.0000000000000000     
   0.0000000000000000     
   0.0000000000000000     
   0.0000000000000000     
   0.0000000000000000     
   0.0000000000000000     
   0.0000000000000000     
   0.0000000000000000     
   0.0000000000000000     
   0.0000000000000000     
   0.0000000000000000     
   0.0000000000000000     
   0.0000000000000000     
   0.0000000000000000     
   0.0000000000000000     
   0.0000000000000000     
   0.0000000000000000     
   0.0000000000000000     
   0.0000000000000000     
   0.0000000000000000     
   0.0000000000000000     
   0.0000000000000000     
   0.0000000000000000     
   0.0000000000000000     
   0.0000000000000000     
   0.0000000000000000     
   0.0000000000000000     
   0.0000000000000000     
   0.0000000000000000     
   3.0036955067035409E-002
   0.0000000000000000     
  -4.5137270091475890E-002
   0.0000000000000000     
  -4.4905134518953060E-002
   0.0000000000000000     
  -4.1336170167682151E-002
   0.0000000000000000     
  -3.6977191110976138E-002
   4.5137270091475890E-002
   0.0000000000000000     
   4.4905134518953171E-002
   0.0000000000000000     
   4.1336170167682151E-002
   0.0000000000000000     
   3.6977191110976138E-002
   0.0000000000000000     
 -0.26066915288833270     
   0.0000000000000000     
 -0.31999137191616644     
   0.0000000000000000     
 -0.28453606479430527     
   0.0000000000000000     
 -0.29271384274095485     
  0.31999137191616644     
   0.0000000000000000     
  0.28453606479430527     
   0.0000000000000000     
  0.29271384274095485     
   0.0000000000000000     
 -0.43757697077386304     
   0.0000000000000000     
 -0.57678580013916791     
   0.0000000000000000     
 -0.31994378370094617     
  0.57678580013916803     
   0.0000000000000000     
  0.31994378370094634     
   0.0000000000000000     
 -0.33288602297026304     
   0.0000000000000000     
 -0.24359700736890300     
  0.24359700736890300     
   0.0000000000000000     
 -0.13873503537082810     
   0.0000000000000000     
   0.0000000000000000     
   0.0000000000000000     
   0.0000000000000000     
   0.0000000000000000     
   0.0000000000000000     
   0.0000000000000000     
   0.0000000000000000     
   0.0000000000000000     
   0.0000000000000000     
   0.0000000000000000     
   0.0000000000000000     
   0.0000000000000000     
   0.0000000000000000     
   0.0000000000000000     
   0.0000000000000000     
   0.0000000000000000     
   0.0000000000000000     
   0.0000000000000000     
   0.0000000000000000     
   0.0000000000000000     
   0.0000000000000000     
   0.0000000000000000     
   0.0000000000000000     
   0.0000000000000000     
   0.0000000000000000     
   0.0000000000000000     
   0.0000000000000000     
   0.0000000000000000     
   0.0000000000000000     
   0.0000000000000000     
   0.0000000000000000     
   0.0000000000000000     
   0.0000000000000000     
   0.0000000000000000     
   0.0000000000000000     
   0.0000000000000000     
   0.0000000000000000     
   0.0000000000000000     
   0.0000000000000000     
   0.0000000000000000     
   0.0000000000000000     
   0.0000000000000000     
   0.0000000000000000     
   0.0000000000000000     
  0.13477753565310457     
   0.0000000000000000     
   6.3880859777781684E-002
   0.0000000000000000     
   2.3097229690242388E-002
   0.0000000000000000     
   2.0957835898226973E-002
   0.0000000000000000     
   2.1046917810891047E-002
  -6.3880859777781684E-002
   0.0000000000000000     
  -2.3097229690242388E-002
   0.0000000000000000     
  -2.0957835898226973E-002
   0.0000000000000000     
  -2.1046917810891047E-002
   0.0000000000000000     
  -2.9440805360099520E-002
   0.0000000000000000     
 -0.15223390911174073     
   0.0000000000000000     
 -0.18550064117756759     
   0.0000000000000000     
 -0.17695119832412776     
  0.15223390911174073     
   0.0000000000000000     
  0.18550064117756759     
   0.0000000000000000     
  0.17695119832412776     
   0.0000000000000000     
 -0.17378195582987632     
   0.0000000000000000     
 -0.31994378370094700     
   0.0000000000000000     
 -0.38966451687009068     
  0.31994378370094700     
   0.0000000000000000     
  0.38966451687009068     
   0.0000000000000000     
 -0.36398311046468634     
   0.0000000000000000     
 -0.21782553570341850     
  0.21782553570341850     
   0.0000000000000000     
 -0.13107491983822983     
  -3.0036955067035409E-002
   0.0000000000000000     
   4.5137270091475890E-002
   0.0000000000000000     
   4.4905134518953116E-002
   0.0000000000000000     
   4.1336170167682040E-002
   0.0000000000000000     
   3.6977191110976138E-002
  -4.5137270091475890E-002
   0.0000000000000000     
  -4.4905134518953116E-002
   0.0000000000000000     
  -4.1336170167682151E-002
   0.0000000000000000     
  -3.6977191110976138E-002
   0.0000000000000000     
  0.26066915288833270     
   0.0000000000000000     
  0.31999137191616644     
   0.0000000000000000     
  0.28453606479430527     
   0.0000000000000000     
  0.29271384274095485     
 -0.31999137191616644     
   0.0000000000000000     
 -0.28453606479430538     
   0.0000000000000000     
 -0.29271384274095474     
   0.0000000000000000     
  0.43757697077386304     
   0.0000000000000000     
  0.57678580013916791     
   0.0000000000000000     
  0.31994378370094623     
 -0.57678580013916791     
   0.0000000000000000     
 -0.31994378370094606     
   0.0000000000000000     
  0.33288602297026304     
   0.0000000000000000     
  0.24359700736890294     
 -0.24359700736890294     
   0.0000000000000000     
  0.13873503537082804     
   0.0000000000000000     
   0.0000000000000000     
   0.0000000000000000     
   0.0000000000000000     
   0.0000000000000000     
   0.0000000000000000     
   0.0000000000000000     
   0.0000000000000000     
   0.0000000000000000     
   0.0000000000000000     
   0.0000000000000000     
   0.0000000000000000     
   0.0000000000000000     
   0.0000000000000000     
   0.0000000000000000     
   0.0000000000000000     
   0.0000000000000000     
   0.0000000000000000     
   0.0000000000000000     
   0.0000000000000000     
   0.0000000000000000     
   0.0000000000000000     
   0.0000000000000000     
   0.0000000000000000     
   0.0000000000000000     
   0.0000000000000000     
   0.0000000000000000     
   0.0000000000000000     
   0.0000000000000000     
   0.0000000000000000     
   0.0000000000000000     
   0.0000000000000000     
   0.0000000000000000     
   0.0000000000000000     
   0.0000000000000000     
   0.0000000000000000     
   0.0000000000000000     
   0.0000000000000000     
   0.0000000000000000     
   0.0000000000000000     
   0.0000000000000000     
   0.0000000000000000     
   0.0000000000000000     
   0.0000000000000000     
   0.0000000000000000     
 -0.13477753565310457     
   0.0000000000000000     
  -6.3880859777781573E-002
   0.0000000000000000     
  -2.3097229690242388E-002
   0.0000000000000000     
  -2.0957835898226973E-002
   0.0000000000000000     
  -2.1046917810891103E-002
   6.3880859777781573E-002
   0.0000000000000000     
   2.3097229690242388E-002
   0.0000000000000000     
   2.0957835898226973E-002
   0.0000000000000000     
   2.1046917810891103E-002
   0.0000000000000000     
   2.9440805360099520E-002
   0.0000000000000000     
  0.15223390911174062     
   0.0000000000000000     
  0.18550064117756759     
   0.0000000000000000     
  0.17695119832412781     
 -0.15223390911174062     
   0.0000000000000000     
 -0.18550064117756759     
   0.0000000000000000     
 -0.17695119832412781     
   0.0000000000000000     
  0.17378195582987632     
   0.0000000000000000     
  0.31994378370094689     
   0.0000000000000000     
  0.38966451687009079     
 -0.31994378370094689     
   0.0000000000000000     
 -0.38966451687009057     
   0.0000000000000000     
  0.36398311046468657     
   0.0000000000000000     
  0.21782553570341856     
 -0.21782553570341856     
   0.0000000000000000     
  0.13107491983822983     
   0.0000000000000000     
   0.0000000000000000     
   0.0000000000000000     
   0.0000000000000000     
   0.0000000000000000     
   0.0000000000000000     
   0.0000000000000000     
   0.0000000000000000     
   0.0000000000000000     
   0.0000000000000000     
   0.0000000000000000     
   0.0000000000000000     
   0.0000000000000000     
   0.0000000000000000     
   0.0000000000000000     
   0.0000000000000000     
   0.0000000000000000     
   0.0000000000000000     
   0.0000000000000000     
   0.0000000000000000     
   0.0000000000000000     
   0.0000000000000000     
   0.0000000000000000     
   0.0000000000000000     
   0.0000000000000000     
   0.0000000000000000     
   0.0000000000000000     
   0.0000000000000000     
   0.0000000000000000     
   0.0000000000000000     
   0.0000000000000000     
   0.0000000000000000     
   0.0000000000000000     
   0.0000000000000000     
   0.0000000000000000     
   0.0000000000000000     
   0.0000000000000000     
   0.0000000000000000     
   0.0000000000000000     
   0.0000000000000000     
   0.0000000000000000     
   0.0000000000000000     
   0.0000000000000000     
   0.0000000000000000     
   0.0000000000000000     
  0.17646521595068859     
   0.0000000000000000     
   7.6071077227661543E-002
   0.0000000000000000     
   7.5956905072735448E-002
   0.0000000000000000     
   7.0230452512000940E-002
   0.0000000000000000     
   6.5314467027224987E-002
  -7.6071077227661432E-002
   0.0000000000000000     
  -7.5956905072735448E-002
   0.0000000000000000     
  -7.0230452512000940E-002
   0.0000000000000000     
  -6.5314467027224932E-002
   0.0000000000000000     
 -0.14615008573886712     
   0.0000000000000000     
 -0.15533229505821655     
   0.0000000000000000     
 -0.14574172285712511     
   0.0000000000000000     
 -0.12827227393448715     
  0.15533229505821655     
   0.0000000000000000     
  0.14574172285712511     
   0.0000000000000000     
  0.12827227393448715     
   0.0000000000000000     
 -0.39828826969397024     
   0.0000000000000000     
 -0.33288602297026415     
   0.0000000000000000     
 -0.36398311046468673     
  0.33288602297026415     
   0.0000000000000000     
  0.36398311046468673     
   0.0000000000000000     
 -0.61057118714980751     
   0.0000000000000000     
 -0.31869964714743648     
  0.31869964714743659     
   0.0000000000000000     
 -0.30987139706731393     
   0.0000000000000000     
   0.0000000000000000     
   0.0000000000000000     
   0.0000000000000000     
   0.0000000000000000     
   0.0000000000000000     
   0.0000000000000000     
   0.0000000000000000     
   0.0000000000000000     
   0.0000000000000000     
   0.0000000000000000     
   0.0000000000000000     
   0.0000000000000000     
   0.0000000000000000     
   0.0000000000000000     
   0.0000000000000000     
   0.0000000000000000     
   0.0000000000000000     
   0.0000000000000000     
   0.0000000000000000     
   0.0000000000000000     
   0.0000000000000000     
   0.0000000000000000     
   0.0000000000000000     
   0.0000000000000000     
   0.0000000000000000     
   0.0000000000000000     
   0.0000000000000000     
   0.0000000000000000     
   0.0000000000000000     
   0.0000000000000000     
   0.0000000000000000     
   0.0000000000000000     
   0.0000000000000000     
   0.0000000000000000     
   0.0000000000000000     
   0.0000000000000000     
   0.0000000000000000     
   0.0000000000000000     
   0.0000000000000000     
   0.0000000000000000     
   0.0000000000000000     
   0.0000000000000000     
   0.0000000000000000     
   0.0000000000000000     
  0.24857822306273986     
   0.0000000000000000     
  0.14851679424967024     
   0.0000000000000000     
  0.13035561733939222     
   0.0000000000000000     
  0.12185919749338114     
   0.0000000000000000     
  0.11470819880147315     
 -0.14851679424967024     
   0.0000000000000000     
 -0.13035561733939222     
   0.0000000000000000     
 -0.12185919749338114     
   0.0000000000000000     
 -0.11470819880147315     
   0.0000000000000000     
   1.3902464858051022E-003
   0.0000000000000000     
  -5.3603787879254572E-002
   0.0000000000000000     
  -5.2426216881578336E-002
   0.0000000000000000     
  -4.9205617477088071E-002
   5.3603787879254627E-002
   0.0000000000000000     
   5.2426216881578447E-002
   0.0000000000000000     
   4.9205617477088126E-002
   0.0000000000000000     
 -0.18966317564945423     
   0.0000000000000000     
 -0.24359700736890216     
   0.0000000000000000     
 -0.21782553570341950     
  0.24359700736890216     
   0.0000000000000000     
  0.21782553570341950     
   0.0000000000000000     
 -0.31869964714743704     
   0.0000000000000000     
 -0.42656904920640670     
  0.42656904920640670     
   0.0000000000000000     
 -0.26416861911616851     
 -0.24857822306273986     
   0.0000000000000000     
 -0.14851679424967024     
   0.0000000000000000     
 -0.13035561733939222     
   0.0000000000000000     
 -0.12185919749338114     
   0.0000000000000000     
 -0.11470819880147307     
  0.14851679424967024     
   0.0000000000000000     
  0.13035561733939222     
   0.0000000000000000     
  0.12185919749338120     
   0.0000000000000000     
  0.11470819880147307     
   0.0000000000000000     
  -1.3902464858049912E-003
   0.0000000000000000     
   5.3603787879254627E-002
   0.0000000000000000     
   5.2426216881578447E-002
   0.0000000000000000     
   4.9205617477088071E-002
  -5.3603787879254627E-002
   0.0000000000000000     
  -5.2426216881578447E-002
   0.0000000000000000     
  -4.9205617477088126E-002
   0.0000000000000000     
  0.18966317564945423     
   0.0000000000000000     
  0.24359700736890216     
   0.0000000000000000     
  0.21782553570341950     
 -0.24359700736890216     
   0.0000000000000000     
 -0.21782553570341950     
   0.0000000000000000     
  0.31869964714743704     
   0.0000000000000000     
  0.42656904920640670     
 -0.42656904920640670     
   0.0000000000000000     
  0.26416861911616851     
   0.0000000000000000     
   0.0000000000000000     
   0.0000000000000000     
   0.0000000000000000     
   0.0000000000000000     
   0.0000000000000000     
   0.0000000000000000     
   0.0000000000000000     
   0.0000000000000000     
   0.0000000000000000     
   0.0000000000000000     
   0.0000000000000000     
   0.0000000000000000     
   0.0000000000000000     
   0.0000000000000000     
   0.0000000000000000     
   0.0000000000000000     
   0.0000000000000000     
   0.0000000000000000     
   0.0000000000000000     
   0.0000000000000000     
   0.0000000000000000     
   0.0000000000000000     
   0.0000000000000000     
   0.0000000000000000     
   0.0000000000000000     
   0.0000000000000000     
   0.0000000000000000     
   0.0000000000000000     
   0.0000000000000000     
   0.0000000000000000     
   0.0000000000000000     
   0.0000000000000000     
   0.0000000000000000     
   0.0000000000000000     
   0.0000000000000000     
   0.0000000000000000     
   0.0000000000000000     
   0.0000000000000000     
   0.0000000000000000     
   0.0000000000000000     
   0.0000000000000000     
   0.0000000000000000     
   0.0000000000000000     
   0.0000000000000000     
  0.31330461701481122     
   0.0000000000000000     
  0.19411612941896683     
   0.0000000000000000     
  0.18192873070365351     
   0.0000000000000000     
  0.16713531511166749     
   0.0000000000000000     
  0.15769936445943913     
 -0.19411612941896683     
   0.0000000000000000     
 -0.18192873070365351     
   0.0000000000000000     
 -0.16713531511166743     
   0.0000000000000000     
 -0.15769936445943913     
   0.0000000000000000     
   7.3097406426969047E-002
   0.0000000000000000     
   2.2878906930707765E-002
   0.0000000000000000     
   3.0384224703278007E-002
   0.0000000000000000     
   2.7832449152993766E-002
  -2.2878906930707765E-002
   0.0000000000000000     
  -3.0384224703278062E-002
   0.0000000000000000     
  -2.7832449152993766E-002
   0.0000000000000000     
 -0.13554179697036428     
   0.0000000000000000     
 -0.13873503537082899     
   0.0000000000000000     
 -0.13107491983822983     
  0.13873503537082904     
   0.0000000000000000     
  0.13107491983822994     
   0.0000000000000000     
 -0.30987139706731381     
   0.0000000000000000     
 -0.26416861911616812     
  0.26416861911616801     
   0.0000000000000000     
 -0.46626253884587365     
