  -3.0406629997671333     
   0.0000000000000000     
  -1.4236994171552058     
   0.0000000000000000     
 -0.59305587013685934     
   0.0000000000000000     
 -0.22991572528235668     
   0.0000000000000000     
  -8.2539461291821881E-002
   1.4236994171552058     
   0.0000000000000000     
  0.59305587013685934     
   0.0000000000000000     
  0.22991572528235676     
   0.0000000000000000     
   8.2539461291822006E-002
   0.0000000000000000     
  -1.0827669309602095     
   0.0000000000000000     
 -0.60829983970707668     
   0.0000000000000000     
 -0.28592508346455930     
   0.0000000000000000     
 -0.11296075998221650     
  0.60829983970707657     
   0.0000000000000000     
  0.28592508346455936     
   0.0000000000000000     
  0.11296075998221661     
   0.0000000000000000     
 -0.41434481436293513     
   0.0000000000000000     
 -0.21432797348478871     
   0.0000000000000000     
  -7.8580471291307075E-002
  0.21432797348478871     
   0.0000000000000000     
   7.8580471291307075E-002
   0.0000000000000000     
 -0.10288598740693133     
   0.0000000000000000     
  -1.0844918558546079E-002
   1.0844918558546135E-002
   0.0000000000000000     
   5.3487240386377644E-002
   0.0000000000000000     
   0.0000000000000000     
   0.0000000000000000     
   0.0000000000000000     
   0.0000000000000000     
   0.0000000000000000     
   0.0000000000000000     
   0.0000000000000000     
   0.0000000000000000     
   0.0000000000000000     
   0.0000000000000000     
   0.0000000000000000     
   0.0000000000000000     
   0.0000000000000000     
   0.0000000000000000     
   0.0000000000000000     
   0.0000000000000000     
   0.0000000000000000     
   0.0000000000000000     
   0.0000000000000000     
   0.0000000000000000     
   0.0000000000000000     
   0.0000000000000000     
   0.0000000000000000     
   0.0000000000000000     
   0.0000000000000000     
   0.0000000000000000     
   0.0000000000000000     
   0.0000000000000000     
   0.0000000000000000     
   0.0000000000000000     
   0.0000000000000000     
   0.0000000000000000     
   0.0000000000000000     
   0.0000000000000000     
   0.0000000000000000     
   0.0000000000000000     
   0.0000000000000000     
   0.0000000000000000     
   0.0000000000000000     
   0.0000000000000000     
   0.0000000000000000     
   0.0000000000000000     
   0.0000000000000000     
   0.0000000000000000     
  -1.4236994171552053     
   0.0000000000000000     
  -1.4406527058413914     
   0.0000000000000000     
 -0.93949744739250873     
   0.0000000000000000     
 -0.50728802522418381     
   0.0000000000000000     
 -0.24161371746893615     
   1.4406527058413914     
   0.0000000000000000     
  0.93949744739250873     
   0.0000000000000000     
  0.50728802522418381     
   0.0000000000000000     
  0.24161371746893615     
   0.0000000000000000     
 -0.76614689671893910     
   0.0000000000000000     
 -0.55141683121257179     
   0.0000000000000000     
 -0.37714303418527850     
   0.0000000000000000     
 -0.21881377708972183     
  0.55141683121257179     
   0.0000000000000000     
  0.37714303418527850     
   0.0000000000000000     
  0.21881377708972183     
   0.0000000000000000     
 -0.32441249393944127     
   0.0000000000000000     
 -0.20635980073222354     
   0.0000000000000000     
 -0.11807436554529860     
  0.20635980073222354     
   0.0000000000000000     
  0.11807436554529860     
   0.0000000000000000     
 -0.10059006157629113     
   0.0000000000000000     
  -3.4886832489739977E-002
   3.4886832489739950E-002
   0.0000000000000000     
   1.8679697910742477E-002
   0.0000000000000000     
   0.0000000000000000     
   0.0000000000000000     
   0.0000000000000000     
   0.0000000000000000     
   0.0000000000000000     
   0.0000000000000000     
   0.0000000000000000     
   0.0000000000000000     
   0.0000000000000000     
   0.0000000000000000     
   0.0000000000000000     
   0.0000000000000000     
   0.0000000000000000     
   0.0000000000000000     
   0.0000000000000000     
   0.0000000000000000     
   0.0000000000000000     
   0.0000000000000000     
   0.0000000000000000     
   0.0000000000000000     
   0.0000000000000000     
   0.0000000000000000     
   0.0000000000000000     
   0.0000000000000000     
   0.0000000000000000     
   0.0000000000000000     
   0.0000000000000000     
   0.0000000000000000     
   0.0000000000000000     
   0.0000000000000000     
   0.0000000000000000     
   0.0000000000000000     
   0.0000000000000000     
   0.0000000000000000     
   0.0000000000000000     
   0.0000000000000000     
   0.0000000000000000     
   0.0000000000000000     
   0.0000000000000000     
   0.0000000000000000     
   0.0000000000000000     
   0.0000000000000000     
   0.0000000000000000     
   0.0000000000000000     
 -0.59305587013685901     
   0.0000000000000000     
 -0.93949744739250940     
   0.0000000000000000     
 -0.90371227957055877     
   0.0000000000000000     
 -0.66444556125350329     
   0.0000000000000000     
 -0.41229559024551882     
  0.93949744739250940     
   0.0000000000000000     
  0.90371227957055833     
   0.0000000000000000     
  0.66444556125350329     
   0.0000000000000000     
  0.41229559024551882     
   0.0000000000000000     
 -0.74664059827489782     
   0.0000000000000000     
 -0.47950637006421143     
   0.0000000000000000     
 -0.34893417990353148     
   0.0000000000000000     
 -0.25668786137776345     
  0.47950637006421143     
   0.0000000000000000     
  0.34893417990353148     
   0.0000000000000000     
  0.25668786137776345     
   0.0000000000000000     
 -0.30059885235058570     
   0.0000000000000000     
 -0.18533438402381874     
   0.0000000000000000     
 -0.11763486738001813     
  0.18533438402381874     
   0.0000000000000000     
  0.11763486738001813     
   0.0000000000000000     
  -9.0553104550453178E-002
   0.0000000000000000     
  -3.2730057689284775E-002
   3.2730057689284775E-002
   0.0000000000000000     
   1.8732980161560997E-002
   0.0000000000000000     
   0.0000000000000000     
   0.0000000000000000     
   0.0000000000000000     
   0.0000000000000000     
   0.0000000000000000     
   0.0000000000000000     
   0.0000000000000000     
   0.0000000000000000     
   0.0000000000000000     
   0.0000000000000000     
   0.0000000000000000     
   0.0000000000000000     
   0.0000000000000000     
   0.0000000000000000     
   0.0000000000000000     
   0.0000000000000000     
   0.0000000000000000     
   0.0000000000000000     
   0.0000000000000000     
   0.0000000000000000     
   0.0000000000000000     
   0.0000000000000000     
   0.0000000000000000     
   0.0000000000000000     
   0.0000000000000000     
   0.0000000000000000     
   0.0000000000000000     
   0.0000000000000000     
   0.0000000000000000     
   0.0000000000000000     
   0.0000000000000000     
   0.0000000000000000     
   0.0000000000000000     
   0.0000000000000000     
   0.0000000000000000     
   0.0000000000000000     
   0.0000000000000000     
   0.0000000000000000     
   0.0000000000000000     
   0.0000000000000000     
   0.0000000000000000     
   0.0000000000000000     
   0.0000000000000000     
   0.0000000000000000     
 -0.22991572528235710     
   0.0000000000000000     
 -0.50728802522418404     
   0.0000000000000000     
 -0.66444556125350362     
   0.0000000000000000     
 -0.64099137383511340     
   0.0000000000000000     
 -0.50522956256392371     
  0.50728802522418404     
   0.0000000000000000     
  0.66444556125350351     
   0.0000000000000000     
  0.64099137383511340     
   0.0000000000000000     
  0.50522956256392371     
   0.0000000000000000     
 -0.59997649488171700     
   0.0000000000000000     
 -0.46105008347908211     
   0.0000000000000000     
 -0.32459857359569538     
   0.0000000000000000     
 -0.24649369354500039     
  0.46105008347908200     
   0.0000000000000000     
  0.32459857359569538     
   0.0000000000000000     
  0.24649369354500039     
   0.0000000000000000     
 -0.27227691562741640     
   0.0000000000000000     
 -0.17289599341433431     
   0.0000000000000000     
 -0.11045195635509286     
  0.17289599341433431     
   0.0000000000000000     
  0.11045195635509286     
   0.0000000000000000     
  -8.2714715724453935E-002
   0.0000000000000000     
  -3.0092628332360760E-002
   3.0092628332360788E-002
   0.0000000000000000     
   1.7362873989377248E-002
   0.0000000000000000     
   0.0000000000000000     
   0.0000000000000000     
   0.0000000000000000     
   0.0000000000000000     
   0.0000000000000000     
   0.0000000000000000     
   0.0000000000000000     
   0.0000000000000000     
   0.0000000000000000     
   0.0000000000000000     
   0.0000000000000000     
   0.0000000000000000     
   0.0000000000000000     
   0.0000000000000000     
   0.0000000000000000     
   0.0000000000000000     
   0.0000000000000000     
   0.0000000000000000     
   0.0000000000000000     
   0.0000000000000000     
   0.0000000000000000     
   0.0000000000000000     
   0.0000000000000000     
   0.0000000000000000     
   0.0000000000000000     
   0.0000000000000000     
   0.0000000000000000     
   0.0000000000000000     
   0.0000000000000000     
   0.0000000000000000     
   0.0000000000000000     
   0.0000000000000000     
   0.0000000000000000     
   0.0000000000000000     
   0.0000000000000000     
   0.0000000000000000     
   0.0000000000000000     
   0.0000000000000000     
   0.0000000000000000     
   0.0000000000000000     
   0.0000000000000000     
   0.0000000000000000     
   0.0000000000000000     
   0.0000000000000000     
  -8.2539461291821964E-002
   0.0000000000000000     
 -0.24161371746893648     
   0.0000000000000000     
 -0.41229559024551860     
   0.0000000000000000     
 -0.50522956256392337     
   0.0000000000000000     
 -0.49377502217373648     
  0.24161371746893648     
   0.0000000000000000     
  0.41229559024551860     
   0.0000000000000000     
  0.50522956256392337     
   0.0000000000000000     
  0.49377502217373648     
   0.0000000000000000     
 -0.39608458502119082     
   0.0000000000000000     
 -0.39647482814812757     
   0.0000000000000000     
 -0.31189041829642022     
   0.0000000000000000     
 -0.23512733388162987     
  0.39647482814812762     
   0.0000000000000000     
  0.31189041829642011     
   0.0000000000000000     
  0.23512733388162987     
   0.0000000000000000     
 -0.26155975652502161     
   0.0000000000000000     
 -0.16145104898476906     
   0.0000000000000000     
 -0.10379959387574889     
  0.16145104898476906     
   0.0000000000000000     
  0.10379959387574889     
   0.0000000000000000     
  -7.8672787540741140E-002
   0.0000000000000000     
  -2.8225723263031743E-002
   2.8225723263031743E-002
   0.0000000000000000     
   1.6240337580502751E-002
   1.4236994171552055     
   0.0000000000000000     
   1.4406527058413920     
   0.0000000000000000     
  0.93949744739250873     
   0.0000000000000000     
  0.50728802522418381     
   0.0000000000000000     
  0.24161371746893609     
  -1.4406527058413920     
   0.0000000000000000     
 -0.93949744739250862     
   0.0000000000000000     
 -0.50728802522418381     
   0.0000000000000000     
 -0.24161371746893609     
   0.0000000000000000     
  0.76614689671893932     
   0.0000000000000000     
  0.55141683121257179     
   0.0000000000000000     
  0.37714303418527850     
   0.0000000000000000     
  0.21881377708972183     
 -0.55141683121257179     
   0.0000000000000000     
 -0.37714303418527850     
   0.0000000000000000     
 -0.21881377708972188     
   0.0000000000000000     
  0.32441249393944127     
   0.0000000000000000     
  0.20635980073222365     
   0.0000000000000000     
  0.11807436554529843     
 -0.20635980073222365     
   0.0000000000000000     
 -0.11807436554529843     
   0.0000000000000000     
  0.10059006157629113     
   0.0000000000000000     
   3.4886832489740061E-002
  -3.4886832489740005E-002
   0.0000000000000000     
  -1.8679697910742366E-002
   0.0000000000000000     
   0.0000000000000000     
   0.0000000000000000     
   0.0000000000000000     
   0.0000000000000000     
   0.0000000000000000     
   0.0000000000000000     
   0.0000000000000000     
   0.0000000000000000     
   0.0000000000000000     
   0.0000000000000000     
   0.0000000000000000     
   0.0000000000000000     
   0.0000000000000000     
   0.0000000000000000     
   0.0000000000000000     
   0.0000000000000000     
   0.0000000000000000     
   0.0000000000000000     
   0.0000000000000000     
   0.0000000000000000     
   0.0000000000000000     
   0.0000000000000000     
   0.0000000000000000     
   0.0000000000000000     
   0.0000000000000000     
   0.0000000000000000     
   0.0000000000000000     
   0.0000000000000000     
   0.0000000000000000     
   0.0000000000000000     
   0.0000000000000000     
   0.0000000000000000     
   0.0000000000000000     
   0.0000000000000000     
   0.0000000000000000     
   0.0000000000000000     
   0.0000000000000000     
   0.0000000000000000     
   0.0000000000000000     
   0.0000000000000000     
   0.0000000000000000     
   0.0000000000000000     
   0.0000000000000000     
   0.0000000000000000     
  0.59305587013685912     
   0.0000000000000000     
  0.93949744739250940     
   0.0000000000000000     
  0.90371227957055844     
   0.0000000000000000     
  0.66444556125350307     
   0.0000000000000000     
  0.41229559024551893     
 -0.93949744739250940     
   0.0000000000000000     
 -0.90371227957055844     
   0.0000000000000000     
 -0.66444556125350307     
   0.0000000000000000     
 -0.41229559024551893     
   0.0000000000000000     
  0.74664059827489782     
   0.0000000000000000     
  0.47950637006421143     
   0.0000000000000000     
  0.34893417990353148     
   0.0000000000000000     
  0.25668786137776345     
 -0.47950637006421143     
   0.0000000000000000     
 -0.34893417990353148     
   0.0000000000000000     
 -0.25668786137776356     
   0.0000000000000000     
  0.30059885235058559     
   0.0000000000000000     
  0.18533438402381885     
   0.0000000000000000     
  0.11763486738001802     
 -0.18533438402381874     
   0.0000000000000000     
 -0.11763486738001805     
   0.0000000000000000     
   9.0553104550453178E-002
   0.0000000000000000     
   3.2730057689284803E-002
  -3.2730057689284803E-002
   0.0000000000000000     
  -1.8732980161560997E-002
   0.0000000000000000     
   0.0000000000000000     
   0.0000000000000000     
   0.0000000000000000     
   0.0000000000000000     
   0.0000000000000000     
   0.0000000000000000     
   0.0000000000000000     
   0.0000000000000000     
   0.0000000000000000     
   0.0000000000000000     
   0.0000000000000000     
   0.0000000000000000     
   0.0000000000000000     
   0.0000000000000000     
   0.0000000000000000     
   0.0000000000000000     
   0.0000000000000000     
   0.0000000000000000     
   0.0000000000000000     
   0.0000000000000000     
   0.0000000000000000     
   0.0000000000000000     
   0.0000000000000000     
   0.0000000000000000     
   0.0000000000000000     
   0.0000000000000000     
   0.0000000000000000     
   0.0000000000000000     
   0.0000000000000000     
   0.0000000000000000     
   0.0000000000000000     
   0.0000000000000000     
   0.0000000000000000     
   0.0000000000000000     
   0.0000000000000000     
   0.0000000000000000     
   0.0000000000000000     
   0.0000000000000000     
   0.0000000000000000     
   0.0000000000000000     
   0.0000000000000000     
   0.0000000000000000     
   0.0000000000000000     
   0.0000000000000000     
  0.22991572528235715     
   0.0000000000000000     
  0.50728802522418404     
   0.0000000000000000     
  0.66444556125350362     
   0.0000000000000000     
  0.64099137383511340     
   0.0000000000000000     
  0.50522956256392360     
 -0.50728802522418404     
   0.0000000000000000     
 -0.66444556125350362     
   0.0000000000000000     
 -0.64099137383511340     
   0.0000000000000000     
 -0.50522956256392360     
   0.0000000000000000     
  0.59997649488171700     
   0.0000000000000000     
  0.46105008347908211     
   0.0000000000000000     
  0.32459857359569538     
   0.0000000000000000     
  0.24649369354500039     
 -0.46105008347908222     
   0.0000000000000000     
 -0.32459857359569538     
   0.0000000000000000     
 -0.24649369354500039     
   0.0000000000000000     
  0.27227691562741663     
   0.0000000000000000     
  0.17289599341433431     
   0.0000000000000000     
  0.11045195635509289     
 -0.17289599341433431     
   0.0000000000000000     
 -0.11045195635509292     
   0.0000000000000000     
   8.2714715724453824E-002
   0.0000000000000000     
   3.0092628332360760E-002
  -3.0092628332360760E-002
   0.0000000000000000     
  -1.7362873989377248E-002
   0.0000000000000000     
   0.0000000000000000     
   0.0000000000000000     
   0.0000000000000000     
   0.0000000000000000     
   0.0000000000000000     
   0.0000000000000000     
   0.0000000000000000     
   0.0000000000000000     
   0.0000000000000000     
   0.0000000000000000     
   0.0000000000000000     
   0.0000000000000000     
   0.0000000000000000     
   0.0000000000000000     
   0.0000000000000000     
   0.0000000000000000     
   0.0000000000000000     
   0.0000000000000000     
   0.0000000000000000     
   0.0000000000000000     
   0.0000000000000000     
   0.0000000000000000     
   0.0000000000000000     
   0.0000000000000000     
   0.0000000000000000     
   0.0000000000000000     
   0.0000000000000000     
   0.0000000000000000     
   0.0000000000000000     
   0.0000000000000000     
   0.0000000000000000     
   0.0000000000000000     
   0.0000000000000000     
   0.0000000000000000     
   0.0000000000000000     
   0.0000000000000000     
   0.0000000000000000     
   0.0000000000000000     
   0.0000000000000000     
   0.0000000000000000     
   0.0000000000000000     
   0.0000000000000000     
   0.0000000000000000     
   0.0000000000000000     
   8.2539461291821936E-002
   0.0000000000000000     
  0.24161371746893653     
   0.0000000000000000     
  0.41229559024551865     
   0.0000000000000000     
  0.50522956256392337     
   0.0000000000000000     
  0.49377502217373648     
 -0.24161371746893653     
   0.0000000000000000     
 -0.41229559024551865     
   0.0000000000000000     
 -0.50522956256392337     
   0.0000000000000000     
 -0.49377502217373648     
   0.0000000000000000     
  0.39608458502119082     
   0.0000000000000000     
  0.39647482814812757     
   0.0000000000000000     
  0.31189041829642000     
   0.0000000000000000     
  0.23512733388162987     
 -0.39647482814812757     
   0.0000000000000000     
 -0.31189041829642000     
   0.0000000000000000     
 -0.23512733388162982     
   0.0000000000000000     
  0.26155975652502150     
   0.0000000000000000     
  0.16145104898476906     
   0.0000000000000000     
  0.10379959387574886     
 -0.16145104898476911     
   0.0000000000000000     
 -0.10379959387574886     
   0.0000000000000000     
   7.8672787540741140E-002
   0.0000000000000000     
   2.8225723263031743E-002
  -2.8225723263031688E-002
   0.0000000000000000     
  -1.6240337580502751E-002
   0.0000000000000000     
   0.0000000000000000     
   0.0000000000000000     
   0.0000000000000000     
   0.0000000000000000     
   0.0000000000000000     
   0.0000000000000000     
   0.0000000000000000     
   0.0000000000000000     
   0.0000000000000000     
   0.0000000000000000     
   0.0000000000000000     
   0.0000000000000000     
   0.0000000000000000     
   0.0000000000000000     
   0.0000000000000000     
   0.0000000000000000     
   0.0000000000000000     
   0.0000000000000000     
   0.0000000000000000     
   0.0000000000000000     
   0.0000000000000000     
   0.0000000000000000     
   0.0000000000000000     
   0.0000000000000000     
   0.0000000000000000     
   0.0000000000000000     
   0.0000000000000000     
   0.0000000000000000     
   0.0000000000000000     
   0.0000000000000000     
   0.0000000000000000     
   0.0000000000000000     
   0.0000000000000000     
   0.0000000000000000     
   0.0000000000000000     
   0.0000000000000000     
   0.0000000000000000     
   0.0000000000000000     
   0.0000000000000000     
   0.0000000000000000     
   0.0000000000000000     
   0.0000000000000000     
   0.0000000000000000     
   0.0000000000000000     
  -1.0827669309602095     
   0.0000000000000000     
 -0.76614689671893887     
   0.0000000000000000     
 -0.74664059827489715     
   0.0000000000000000     
 -0.59997649488171700     
   0.0000000000000000     
 -0.39608458502119170     
  0.76614689671893910     
   0.0000000000000000     
  0.74664059827489726     
   0.0000000000000000     
  0.59997649488171700     
   0.0000000000000000     
  0.39608458502119159     
   0.0000000000000000     
  -1.1977424037212177     
   0.0000000000000000     
 -0.64372952264437688     
   0.0000000000000000     
 -0.33034787547686290     
   0.0000000000000000     
 -0.19425148519023211     
  0.64372952264437688     
   0.0000000000000000     
  0.33034787547686262     
   0.0000000000000000     
  0.19425148519023211     
   0.0000000000000000     
 -0.55299212054347469     
   0.0000000000000000     
 -0.32140118089630221     
   0.0000000000000000     
 -0.14630196914504390     
  0.32140118089630221     
   0.0000000000000000     
  0.14630196914504390     
   0.0000000000000000     
 -0.24412947313731448     
   0.0000000000000000     
 -0.12624147840989314     
  0.12624147840989314     
   0.0000000000000000     
  -7.2266803267390101E-002
   0.0000000000000000     
   0.0000000000000000     
   0.0000000000000000     
   0.0000000000000000     
   0.0000000000000000     
   0.0000000000000000     
   0.0000000000000000     
   0.0000000000000000     
   0.0000000000000000     
   0.0000000000000000     
   0.0000000000000000     
   0.0000000000000000     
   0.0000000000000000     
   0.0000000000000000     
   0.0000000000000000     
   0.0000000000000000     
   0.0000000000000000     
   0.0000000000000000     
   0.0000000000000000     
   0.0000000000000000     
   0.0000000000000000     
   0.0000000000000000     
   0.0000000000000000     
   0.0000000000000000     
   0.0000000000000000     
   0.0000000000000000     
   0.0000000000000000     
   0.0000000000000000     
   0.0000000000000000     
   0.0000000000000000     
   0.0000000000000000     
   0.0000000000000000     
   0.0000000000000000     
   0.0000000000000000     
   0.0000000000000000     
   0.0000000000000000     
   0.0000000000000000     
   0.0000000000000000     
   0.0000000000000000     
   0.0000000000000000     
   0.0000000000000000     
   0.0000000000000000     
   0.0000000000000000     
   0.0000000000000000     
   0.0000000000000000     
 -0.60829983970707702     
   0.0000000000000000     
 -0.55141683121257157     
   0.0000000000000000     
 -0.47950637006421132     
   0.0000000000000000     
 -0.46105008347908261     
   0.0000000000000000     
 -0.39647482814812712     
  0.55141683121257157     
   0.0000000000000000     
  0.47950637006421132     
   0.0000000000000000     
  0.46105008347908261     
   0.0000000000000000     
  0.39647482814812712     
   0.0000000000000000     
 -0.64372952264437711     
   0.0000000000000000     
 -0.72929494751239377     
   0.0000000000000000     
 -0.47367853087265333     
   0.0000000000000000     
 -0.24802884805097802     
  0.72929494751239377     
   0.0000000000000000     
  0.47367853087265327     
   0.0000000000000000     
  0.24802884805097802     
   0.0000000000000000     
 -0.43718485002395091     
   0.0000000000000000     
 -0.33730477905387607     
   0.0000000000000000     
 -0.22465445097166059     
  0.33730477905387607     
   0.0000000000000000     
  0.22465445097166048     
   0.0000000000000000     
 -0.21347339150653344     
   0.0000000000000000     
 -0.14265741773157309     
  0.14265741773157303     
   0.0000000000000000     
  -7.7302878367180194E-002
   0.0000000000000000     
   0.0000000000000000     
   0.0000000000000000     
   0.0000000000000000     
   0.0000000000000000     
   0.0000000000000000     
   0.0000000000000000     
   0.0000000000000000     
   0.0000000000000000     
   0.0000000000000000     
   0.0000000000000000     
   0.0000000000000000     
   0.0000000000000000     
   0.0000000000000000     
   0.0000000000000000     
   0.0000000000000000     
   0.0000000000000000     
   0.0000000000000000     
   0.0000000000000000     
   0.0000000000000000     
   0.0000000000000000     
   0.0000000000000000     
   0.0000000000000000     
   0.0000000000000000     
   0.0000000000000000     
   0.0000000000000000     
   0.0000000000000000     
   0.0000000000000000     
   0.0000000000000000     
   0.0000000000000000     
   0.0000000000000000     
   0.0000000000000000     
   0.0000000000000000     
   0.0000000000000000     
   0.0000000000000000     
   0.0000000000000000     
   0.0000000000000000     
   0.0000000000000000     
   0.0000000000000000     
   0.0000000000000000     
   0.0000000000000000     
   0.0000000000000000     
   0.0000000000000000     
   0.0000000000000000     
   0.0000000000000000     
 -0.28592508346455914     
   0.0000000000000000     
 -0.37714303418527878     
   0.0000000000000000     
 -0.34893417990353132     
   0.0000000000000000     
 -0.32459857359569538     
   0.0000000000000000     
 -0.31189041829642028     
  0.37714303418527856     
   0.0000000000000000     
  0.34893417990353137     
   0.0000000000000000     
  0.32459857359569538     
   0.0000000000000000     
  0.31189041829642028     
   0.0000000000000000     
 -0.33034787547686340     
   0.0000000000000000     
 -0.47367853087265288     
   0.0000000000000000     
 -0.49667745636955507     
   0.0000000000000000     
 -0.35382812996460128     
  0.47367853087265288     
   0.0000000000000000     
  0.49667745636955507     
   0.0000000000000000     
  0.35382812996460128     
   0.0000000000000000     
 -0.45239074613125208     
   0.0000000000000000     
 -0.30016208370936237     
   0.0000000000000000     
 -0.22557853034291980     
  0.30016208370936237     
   0.0000000000000000     
  0.22557853034291980     
   0.0000000000000000     
 -0.20603820747784751     
   0.0000000000000000     
 -0.13211317625751112     
  0.13211317625751112     
   0.0000000000000000     
  -7.1187951210961942E-002
   0.0000000000000000     
   0.0000000000000000     
   0.0000000000000000     
   0.0000000000000000     
   0.0000000000000000     
   0.0000000000000000     
   0.0000000000000000     
   0.0000000000000000     
   0.0000000000000000     
   0.0000000000000000     
   0.0000000000000000     
   0.0000000000000000     
   0.0000000000000000     
   0.0000000000000000     
   0.0000000000000000     
   0.0000000000000000     
   0.0000000000000000     
   0.0000000000000000     
   0.0000000000000000     
   0.0000000000000000     
   0.0000000000000000     
   0.0000000000000000     
   0.0000000000000000     
   0.0000000000000000     
   0.0000000000000000     
   0.0000000000000000     
   0.0000000000000000     
   0.0000000000000000     
   0.0000000000000000     
   0.0000000000000000     
   0.0000000000000000     
   0.0000000000000000     
   0.0000000000000000     
   0.0000000000000000     
   0.0000000000000000     
   0.0000000000000000     
   0.0000000000000000     
   0.0000000000000000     
   0.0000000000000000     
   0.0000000000000000     
   0.0000000000000000     
   0.0000000000000000     
   0.0000000000000000     
   0.0000000000000000     
   0.0000000000000000     
 -0.11296075998221705     
   0.0000000000000000     
 -0.21881377708972211     
   0.0000000000000000     
 -0.25668786137776423     
   0.0000000000000000     
 -0.24649369354500061     
   0.0000000000000000     
 -0.23512733388162951     
  0.21881377708972222     
   0.0000000000000000     
  0.25668786137776423     
   0.0000000000000000     
  0.24649369354500072     
   0.0000000000000000     
  0.23512733388162951     
   0.0000000000000000     
 -0.19425148519023194     
   0.0000000000000000     
 -0.24802884805097758     
   0.0000000000000000     
 -0.35382812996460122     
   0.0000000000000000     
 -0.36405085705053336     
  0.24802884805097758     
   0.0000000000000000     
  0.35382812996460122     
   0.0000000000000000     
  0.36405085705053336     
   0.0000000000000000     
 -0.34420906057031042     
   0.0000000000000000     
 -0.29986282536824593     
   0.0000000000000000     
 -0.21303368726635391     
  0.29986282536824593     
   0.0000000000000000     
  0.21303368726635402     
   0.0000000000000000     
 -0.18722899010934191     
   0.0000000000000000     
 -0.12606677144583817     
  0.12606677144583822     
   0.0000000000000000     
  -6.5850574717555316E-002
  0.60829983970707713     
   0.0000000000000000     
  0.55141683121257179     
   0.0000000000000000     
  0.47950637006421132     
   0.0000000000000000     
  0.46105008347908255     
   0.0000000000000000     
  0.39647482814812718     
 -0.55141683121257179     
   0.0000000000000000     
 -0.47950637006421132     
   0.0000000000000000     
 -0.46105008347908255     
   0.0000000000000000     
 -0.39647482814812718     
   0.0000000000000000     
  0.64372952264437733     
   0.0000000000000000     
  0.72929494751239388     
   0.0000000000000000     
  0.47367853087265333     
   0.0000000000000000     
  0.24802884805097802     
 -0.72929494751239377     
   0.0000000000000000     
 -0.47367853087265333     
   0.0000000000000000     
 -0.24802884805097802     
   0.0000000000000000     
  0.43718485002395091     
   0.0000000000000000     
  0.33730477905387612     
   0.0000000000000000     
  0.22465445097166042     
 -0.33730477905387612     
   0.0000000000000000     
 -0.22465445097166042     
   0.0000000000000000     
  0.21347339150653333     
   0.0000000000000000     
  0.14265741773157303     
 -0.14265741773157303     
   0.0000000000000000     
   7.7302878367180361E-002
   0.0000000000000000     
   0.0000000000000000     
   0.0000000000000000     
   0.0000000000000000     
   0.0000000000000000     
   0.0000000000000000     
   0.0000000000000000     
   0.0000000000000000     
   0.0000000000000000     
   0.0000000000000000     
   0.0000000000000000     
   0.0000000000000000     
   0.0000000000000000     
   0.0000000000000000     
   0.0000000000000000     
   0.0000000000000000     
   0.0000000000000000     
   0.0000000000000000     
   0.0000000000000000     
   0.0000000000000000     
   0.0000000000000000     
   0.0000000000000000     
   0.0000000000000000     
   0.0000000000000000     
   0.0000000000000000     
   0.0000000000000000     
   0.0000000000000000     
   0.0000000000000000     
   0.0000000000000000     
   0.0000000000000000     
   0.0000000000000000     
   0.0000000000000000     
   0.0000000000000000     
   0.0000000000000000     
   0.0000000000000000     
   0.0000000000000000     
   0.0000000000000000     
   0.0000000000000000     
   0.0000000000000000     
   0.0000000000000000     
   0.0000000000000000     
   0.0000000000000000     
   0.0000000000000000     
   0.0000000000000000     
   0.0000000000000000     
  0.28592508346455914     
   0.0000000000000000     
  0.37714303418527867     
   0.0000000000000000     
  0.34893417990353143     
   0.0000000000000000     
  0.32459857359569533     
   0.0000000000000000     
  0.31189041829642022     
 -0.37714303418527856     
   0.0000000000000000     
 -0.34893417990353137     
   0.0000000000000000     
 -0.32459857359569538     
   0.0000000000000000     
 -0.31189041829642028     
   0.0000000000000000     
  0.33034787547686340     
   0.0000000000000000     
  0.47367853087265288     
   0.0000000000000000     
  0.49667745636955485     
   0.0000000000000000     
  0.35382812996460128     
 -0.47367853087265288     
   0.0000000000000000     
 -0.49667745636955485     
   0.0000000000000000     
 -0.35382812996460128     
   0.0000000000000000     
  0.45239074613125208     
   0.0000000000000000     
  0.30016208370936237     
   0.0000000000000000     
  0.22557853034291975     
 -0.30016208370936237     
   0.0000000000000000     
 -0.22557853034291975     
   0.0000000000000000     
  0.20603820747784729     
   0.0000000000000000     
  0.13211317625751101     
 -0.13211317625751101     
   0.0000000000000000     
   7.1187951210961942E-002
   0.0000000000000000     
   0.0000000000000000     
   0.0000000000000000     
   0.0000000000000000     
   0.0000000000000000     
   0.0000000000000000     
   0.0000000000000000     
   0.0000000000000000     
   0.0000000000000000     
   0.0000000000000000     
   0.0000000000000000     
   0.0000000000000000     
   0.0000000000000000     
   0.0000000000000000     
   0.0000000000000000     
   0.0000000000000000     
   0.0000000000000000     
   0.0000000000000000     
   0.0000000000000000     
   0.0000000000000000     
   0.0000000000000000     
   0.0000000000000000     
   0.0000000000000000     
   0.0000000000000000     
   0.0000000000000000     
   0.0000000000000000     
   0.0000000000000000     
   0.0000000000000000     
   0.0000000000000000     
   0.0000000000000000     
   0.0000000000000000     
   0.0000000000000000     
   0.0000000000000000     
   0.0000000000000000     
   0.0000000000000000     
   0.0000000000000000     
   0.0000000000000000     
   0.0000000000000000     
   0.0000000000000000     
   0.0000000000000000     
   0.0000000000000000     
   0.0000000000000000     
   0.0000000000000000     
   0.0000000000000000     
   0.0000000000000000     
  0.11296075998221705     
   0.0000000000000000     
  0.21881377708972222     
   0.0000000000000000     
  0.25668786137776423     
   0.0000000000000000     
  0.24649369354500061     
   0.0000000000000000     
  0.23512733388162951     
 -0.21881377708972211     
   0.0000000000000000     
 -0.25668786137776423     
   0.0000000000000000     
 -0.24649369354500061     
   0.0000000000000000     
 -0.23512733388162951     
   0.0000000000000000     
  0.19425148519023194     
   0.0000000000000000     
  0.24802884805097747     
   0.0000000000000000     
  0.35382812996460122     
   0.0000000000000000     
  0.36405085705053336     
 -0.24802884805097758     
   0.0000000000000000     
 -0.35382812996460122     
   0.0000000000000000     
 -0.36405085705053336     
   0.0000000000000000     
  0.34420906057031042     
   0.0000000000000000     
  0.29986282536824593     
   0.0000000000000000     
  0.21303368726635391     
 -0.29986282536824593     
   0.0000000000000000     
 -0.21303368726635391     
   0.0000000000000000     
  0.18722899010934191     
   0.0000000000000000     
  0.12606677144583822     
 -0.12606677144583822     
   0.0000000000000000     
   6.5850574717555233E-002
   0.0000000000000000     
   0.0000000000000000     
   0.0000000000000000     
   0.0000000000000000     
   0.0000000000000000     
   0.0000000000000000     
   0.0000000000000000     
   0.0000000000000000     
   0.0000000000000000     
   0.0000000000000000     
   0.0000000000000000     
   0.0000000000000000     
   0.0000000000000000     
   0.0000000000000000     
   0.0000000000000000     
   0.0000000000000000     
   0.0000000000000000     
   0.0000000000000000     
   0.0000000000000000     
   0.0000000000000000     
   0.0000000000000000     
   0.0000000000000000     
   0.0000000000000000     
   0.0000000000000000     
   0.0000000000000000     
   0.0000000000000000     
   0.0000000000000000     
   0.0000000000000000     
   0.0000000000000000     
   0.0000000000000000     
   0.0000000000000000     
   0.0000000000000000     
   0.0000000000000000     
   0.0000000000000000     
   0.0000000000000000     
   0.0000000000000000     
   0.0000000000000000     
   0.0000000000000000     
   0.0000000000000000     
   0.0000000000000000     
   0.0000000000000000     
   0.0000000000000000     
   0.0000000000000000     
   0.0000000000000000     
   0.0000000000000000     
 -0.41434481436293513     
   0.0000000000000000     
 -0.32441249393944060     
   0.0000000000000000     
 -0.30059885235058575     
   0.0000000000000000     
 -0.27227691562741613     
   0.0000000000000000     
 -0.26155975652502150     
  0.32441249393944060     
   0.0000000000000000     
  0.30059885235058575     
   0.0000000000000000     
  0.27227691562741613     
   0.0000000000000000     
  0.26155975652502150     
   0.0000000000000000     
 -0.55299212054347469     
   0.0000000000000000     
 -0.43718485002395141     
   0.0000000000000000     
 -0.45239074613125185     
   0.0000000000000000     
 -0.34420906057030976     
  0.43718485002395141     
   0.0000000000000000     
  0.45239074613125185     
   0.0000000000000000     
  0.34420906057030976     
   0.0000000000000000     
 -0.67194862427963342     
   0.0000000000000000     
 -0.38154541661709401     
   0.0000000000000000     
 -0.21300201496521964     
  0.38154541661709401     
   0.0000000000000000     
  0.21300201496521964     
   0.0000000000000000     
 -0.35383454570689221     
   0.0000000000000000     
 -0.21154072747085972     
  0.21154072747085972     
   0.0000000000000000     
 -0.17525398703240425     
   0.0000000000000000     
   0.0000000000000000     
   0.0000000000000000     
   0.0000000000000000     
   0.0000000000000000     
   0.0000000000000000     
   0.0000000000000000     
   0.0000000000000000     
   0.0000000000000000     
   0.0000000000000000     
   0.0000000000000000     
   0.0000000000000000     
   0.0000000000000000     
   0.0000000000000000     
   0.0000000000000000     
   0.0000000000000000     
   0.0000000000000000     
   0.0000000000000000     
   0.0000000000000000     
   0.0000000000000000     
   0.0000000000000000     
   0.0000000000000000     
   0.0000000000000000     
   0.0000000000000000     
   0.0000000000000000     
   0.0000000000000000     
   0.0000000000000000     
   0.0000000000000000     
   0.0000000000000000     
   0.0000000000000000     
   0.0000000000000000     
   0.0000000000000000     
   0.0000000000000000     
   0.0000000000000000     
   0.0000000000000000     
   0.0000000000000000     
   0.0000000000000000     
   0.0000000000000000     
   0.0000000000000000     
   0.0000000000000000     
   0.0000000000000000     
   0.0000000000000000     
   0.0000000000000000     
   0.0000000000000000     
   0.0000000000000000     
 -0.21432797348478894     
   0.0000000000000000     
 -0.20635980073222360     
   0.0000000000000000     
 -0.18533438402381824     
   0.0000000000000000     
 -0.17289599341433465     
   0.0000000000000000     
 -0.16145104898476897     
  0.20635980073222349     
   0.0000000000000000     
  0.18533438402381824     
   0.0000000000000000     
  0.17289599341433465     
   0.0000000000000000     
  0.16145104898476897     
   0.0000000000000000     
 -0.32140118089630154     
   0.0000000000000000     
 -0.33730477905387546     
   0.0000000000000000     
 -0.30016208370936109     
   0.0000000000000000     
 -0.29986282536824604     
  0.33730477905387535     
   0.0000000000000000     
  0.30016208370936109     
   0.0000000000000000     
  0.29986282536824610     
   0.0000000000000000     
 -0.38154541661709440     
   0.0000000000000000     
 -0.45791387891247864     
   0.0000000000000000     
 -0.29545165271667834     
  0.45791387891247864     
   0.0000000000000000     
  0.29545165271667845     
   0.0000000000000000     
 -0.29281517721450290     
   0.0000000000000000     
 -0.23697678027184599     
  0.23697678027184599     
   0.0000000000000000     
 -0.15933368777744417     
   0.0000000000000000     
   0.0000000000000000     
   0.0000000000000000     
   0.0000000000000000     
   0.0000000000000000     
   0.0000000000000000     
   0.0000000000000000     
   0.0000000000000000     
   0.0000000000000000     
   0.0000000000000000     
   0.0000000000000000     
   0.0000000000000000     
   0.0000000000000000     
   0.0000000000000000     
   0.0000000000000000     
   0.0000000000000000     
   0.0000000000000000     
   0.0000000000000000     
   0.0000000000000000     
   0.0000000000000000     
   0.0000000000000000     
   0.0000000000000000     
   0.0000000000000000     
   0.0000000000000000     
   0.0000000000000000     
   0.0000000000000000     
   0.0000000000000000     
   0.0000000000000000     
   0.0000000000000000     
   0.0000000000000000     
   0.0000000000000000     
   0.0000000000000000     
   0.0000000000000000     
   0.0000000000000000     
   0.0000000000000000     
   0.0000000000000000     
   0.0000000000000000     
   0.0000000000000000     
   0.0000000000000000     
   0.0000000000000000     
   0.0000000000000000     
   0.0000000000000000     
   0.0000000000000000     
   0.0000000000000000     
   0.0000000000000000     
  -7.8580471291307075E-002
   0.0000000000000000     
 -0.11807436554529932     
   0.0000000000000000     
 -0.11763486738001866     
   0.0000000000000000     
 -0.11045195635509245     
   0.0000000000000000     
 -0.10379959387574894     
  0.11807436554529938     
   0.0000000000000000     
  0.11763486738001860     
   0.0000000000000000     
  0.11045195635509245     
   0.0000000000000000     
  0.10379959387574894     
   0.0000000000000000     
 -0.14630196914504345     
   0.0000000000000000     
 -0.22465445097166098     
   0.0000000000000000     
 -0.22557853034291958     
   0.0000000000000000     
 -0.21303368726635447     
  0.22465445097166087     
   0.0000000000000000     
  0.22557853034291958     
   0.0000000000000000     
  0.21303368726635447     
   0.0000000000000000     
 -0.21300201496521998     
   0.0000000000000000     
 -0.29545165271667861     
   0.0000000000000000     
 -0.32869614032208877     
  0.29545165271667873     
   0.0000000000000000     
  0.32869614032208877     
   0.0000000000000000     
 -0.31175999221021178     
   0.0000000000000000     
 -0.21278452184630486     
  0.21278452184630486     
   0.0000000000000000     
 -0.15640780266419679     
  0.21432797348478871     
   0.0000000000000000     
  0.20635980073222360     
   0.0000000000000000     
  0.18533438402381824     
   0.0000000000000000     
  0.17289599341433443     
   0.0000000000000000     
  0.16145104898476914     
 -0.20635980073222360     
   0.0000000000000000     
 -0.18533438402381824     
   0.0000000000000000     
 -0.17289599341433443     
   0.0000000000000000     
 -0.16145104898476909     
   0.0000000000000000     
  0.32140118089630165     
   0.0000000000000000     
  0.33730477905387546     
   0.0000000000000000     
  0.30016208370936109     
   0.0000000000000000     
  0.29986282536824604     
 -0.33730477905387546     
   0.0000000000000000     
 -0.30016208370936109     
   0.0000000000000000     
 -0.29986282536824604     
   0.0000000000000000     
  0.38154541661709440     
   0.0000000000000000     
  0.45791387891247864     
   0.0000000000000000     
  0.29545165271667845     
 -0.45791387891247853     
   0.0000000000000000     
 -0.29545165271667845     
   0.0000000000000000     
  0.29281517721450301     
   0.0000000000000000     
  0.23697678027184582     
 -0.23697678027184582     
   0.0000000000000000     
  0.15933368777744428     
   0.0000000000000000     
   0.0000000000000000     
   0.0000000000000000     
   0.0000000000000000     
   0.0000000000000000     
   0.0000000000000000     
   0.0000000000000000     
   0.0000000000000000     
   0.0000000000000000     
   0.0000000000000000     
   0.0000000000000000     
   0.0000000000000000     
   0.0000000000000000     
   0.0000000000000000     
   0.0000000000000000     
   0.0000000000000000     
   0.0000000000000000     
   0.0000000000000000     
   0.0000000000000000     
   0.0000000000000000     
   0.0000000000000000     
   0.0000000000000000     
   0.0000000000000000     
   0.0000000000000000     
   0.0000000000000000     
   0.0000000000000000     
   0.0000000000000000     
   0.0000000000000000     
   0.0000000000000000     
   0.0000000000000000     
   0.0000000000000000     
   0.0000000000000000     
   0.0000000000000000     
   0.0000000000000000     
   0.0000000000000000     
   0.0000000000000000     
   0.0000000000000000     
   0.0000000000000000     
   0.0000000000000000     
   0.0000000000000000     
   0.0000000000000000     
   0.0000000000000000     
   0.0000000000000000     
   0.0000000000000000     
   0.0000000000000000     
   7.8580471291306964E-002
   0.0000000000000000     
  0.11807436554529932     
   0.0000000000000000     
  0.11763486738001866     
   0.0000000000000000     
  0.11045195635509250     
   0.0000000000000000     
  0.10379959387574886     
 -0.11807436554529932     
   0.0000000000000000     
 -0.11763486738001855     
   0.0000000000000000     
 -0.11045195635509233     
   0.0000000000000000     
 -0.10379959387574886     
   0.0000000000000000     
  0.14630196914504345     
   0.0000000000000000     
  0.22465445097166087     
   0.0000000000000000     
  0.22557853034291958     
   0.0000000000000000     
  0.21303368726635424     
 -0.22465445097166087     
   0.0000000000000000     
 -0.22557853034291958     
   0.0000000000000000     
 -0.21303368726635424     
   0.0000000000000000     
  0.21300201496522031     
   0.0000000000000000     
  0.29545165271667878     
   0.0000000000000000     
  0.32869614032208877     
 -0.29545165271667878     
   0.0000000000000000     
 -0.32869614032208877     
   0.0000000000000000     
  0.31175999221021178     
   0.0000000000000000     
  0.21278452184630486     
 -0.21278452184630492     
   0.0000000000000000     
  0.15640780266419674     
   0.0000000000000000     
   0.0000000000000000     
   0.0000000000000000     
   0.0000000000000000     
   0.0000000000000000     
   0.0000000000000000     
   0.0000000000000000     
   0.0000000000000000     
   0.0000000000000000     
   0.0000000000000000     
   0.0000000000000000     
   0.0000000000000000     
   0.0000000000000000     
   0.0000000000000000     
   0.0000000000000000     
   0.0000000000000000     
   0.0000000000000000     
   0.0000000000000000     
   0.0000000000000000     
   0.0000000000000000     
   0.0000000000000000     
   0.0000000000000000     
   0.0000000000000000     
   0.0000000000000000     
   0.0000000000000000     
   0.0000000000000000     
   0.0000000000000000     
   0.0000000000000000     
   0.0000000000000000     
   0.0000000000000000     
   0.0000000000000000     
   0.0000000000000000     
   0.0000000000000000     
   0.0000000000000000     
   0.0000000000000000     
   0.0000000000000000     
   0.0000000000000000     
   0.0000000000000000     
   0.0000000000000000     
   0.0000000000000000     
   0.0000000000000000     
   0.0000000000000000     
   0.0000000000000000     
   0.0000000000000000     
   0.0000000000000000     
 -0.10288598740693133     
   0.0000000000000000     
 -0.10059006157629130     
   0.0000000000000000     
  -9.0553104550453400E-002
   0.0000000000000000     
  -8.2714715724454102E-002
   0.0000000000000000     
  -7.8672787540741529E-002
  0.10059006157629130     
   0.0000000000000000     
   9.0553104550453400E-002
   0.0000000000000000     
   8.2714715724454047E-002
   0.0000000000000000     
   7.8672787540741529E-002
   0.0000000000000000     
 -0.24412947313731459     
   0.0000000000000000     
 -0.21347339150653211     
   0.0000000000000000     
 -0.20603820747784773     
   0.0000000000000000     
 -0.18722899010934191     
  0.21347339150653211     
   0.0000000000000000     
  0.20603820747784773     
   0.0000000000000000     
  0.18722899010934191     
   0.0000000000000000     
 -0.35383454570689221     
   0.0000000000000000     
 -0.29281517721450312     
   0.0000000000000000     
 -0.31175999221021111     
  0.29281517721450312     
   0.0000000000000000     
  0.31175999221021111     
   0.0000000000000000     
 -0.45144510217595513     
   0.0000000000000000     
 -0.26635661314139802     
  0.26635661314139802     
   0.0000000000000000     
 -0.25952632357792438     
   0.0000000000000000     
   0.0000000000000000     
   0.0000000000000000     
   0.0000000000000000     
   0.0000000000000000     
   0.0000000000000000     
   0.0000000000000000     
   0.0000000000000000     
   0.0000000000000000     
   0.0000000000000000     
   0.0000000000000000     
   0.0000000000000000     
   0.0000000000000000     
   0.0000000000000000     
   0.0000000000000000     
   0.0000000000000000     
   0.0000000000000000     
   0.0000000000000000     
   0.0000000000000000     
   0.0000000000000000     
   0.0000000000000000     
   0.0000000000000000     
   0.0000000000000000     
   0.0000000000000000     
   0.0000000000000000     
   0.0000000000000000     
   0.0000000000000000     
   0.0000000000000000     
   0.0000000000000000     
   0.0000000000000000     
   0.0000000000000000     
   0.0000000000000000     
   0.0000000000000000     
   0.0000000000000000     
   0.0000000000000000     
   0.0000000000000000     
   0.0000000000000000     
   0.0000000000000000     
   0.0000000000000000     
   0.0000000000000000     
   0.0000000000000000     
   0.0000000000000000     
   0.0000000000000000     
   0.0000000000000000     
   0.0000000000000000     
  -1.0844918558545802E-002
   0.0000000000000000     
  -3.4886832489740449E-002
   0.0000000000000000     
  -3.2730057689284303E-002
   0.0000000000000000     
  -3.0092628332360843E-002
   0.0000000000000000     
  -2.8225723263031410E-002
   3.4886832489740449E-002
   0.0000000000000000     
   3.2730057689284303E-002
   0.0000000000000000     
   3.0092628332360843E-002
   0.0000000000000000     
   2.8225723263031410E-002
   0.0000000000000000     
 -0.12624147840989308     
   0.0000000000000000     
 -0.14265741773157298     
   0.0000000000000000     
 -0.13211317625751123     
   0.0000000000000000     
 -0.12606677144583858     
  0.14265741773157287     
   0.0000000000000000     
  0.13211317625751123     
   0.0000000000000000     
  0.12606677144583858     
   0.0000000000000000     
 -0.21154072747086006     
   0.0000000000000000     
 -0.23697678027184621     
   0.0000000000000000     
 -0.21278452184630514     
  0.23697678027184621     
   0.0000000000000000     
  0.21278452184630509     
   0.0000000000000000     
 -0.26635661314139808     
   0.0000000000000000     
 -0.32863106816646864     
  0.32863106816646864     
   0.0000000000000000     
 -0.22013369508162700     
   1.0844918558545802E-002
   0.0000000000000000     
   3.4886832489740394E-002
   0.0000000000000000     
   3.2730057689284303E-002
   0.0000000000000000     
   3.0092628332360843E-002
   0.0000000000000000     
   2.8225723263031466E-002
  -3.4886832489740338E-002
   0.0000000000000000     
  -3.2730057689284331E-002
   0.0000000000000000     
  -3.0092628332360843E-002
   0.0000000000000000     
  -2.8225723263031410E-002
   0.0000000000000000     
  0.12624147840989308     
   0.0000000000000000     
  0.14265741773157298     
   0.0000000000000000     
  0.13211317625751123     
   0.0000000000000000     
  0.12606677144583858     
 -0.14265741773157298     
   0.0000000000000000     
 -0.13211317625751112     
   0.0000000000000000     
 -0.12606677144583853     
   0.0000000000000000     
  0.21154072747086000     
   0.0000000000000000     
  0.23697678027184621     
   0.0000000000000000     
  0.21278452184630509     
 -0.23697678027184627     
   0.0000000000000000     
 -0.21278452184630509     
   0.0000000000000000     
  0.26635661314139814     
   0.0000000000000000     
  0.32863106816646864     
 -0.32863106816646864     
   0.0000000000000000     
  0.22013369508162711     
   0.0000000000000000     
   0.0000000000000000     
   0.0000000000000000     
   0.0000000000000000     
   0.0000000000000000     
   0.0000000000000000     
   0.0000000000000000     
   0.0000000000000000     
   0.0000000000000000     
   0.0000000000000000     
   0.0000000000000000     
   0.0000000000000000     
   0.0000000000000000     
   0.0000000000000000     
   0.0000000000000000     
   0.0000000000000000     
   0.0000000000000000     
   0.0000000000000000     
   0.0000000000000000     
   0.0000000000000000     
   0.0000000000000000     
   0.0000000000000000     
   0.0000000000000000     
   0.0000000000000000     
   0.0000000000000000     
   0.0000000000000000     
   0.0000000000000000     
   0.0000000000000000     
   0.0000000000000000     
   0.0000000000000000     
   0.0000000000000000     
   0.0000000000000000     
   0.0000000000000000     
   0.0000000000000000     
   0.0000000000000000     
   0.0000000000000000     
   0.0000000000000000     
   0.0000000000000000     
   0.0000000000000000     
   0.0000000000000000     
   0.0000000000000000     
   0.0000000000000000     
   0.0000000000000000     
   0.0000000000000000     
   0.0000000000000000     
   5.3487240386377755E-002
   0.0000000000000000     
   1.8679697910742671E-002
   0.0000000000000000     
   1.8732980161560941E-002
   0.0000000000000000     
   1.7362873989377636E-002
   0.0000000000000000     
   1.6240337580502751E-002
  -1.8679697910742532E-002
   0.0000000000000000     
  -1.8732980161560941E-002
   0.0000000000000000     
  -1.7362873989377636E-002
   0.0000000000000000     
  -1.6240337580502778E-002
   0.0000000000000000     
  -7.2266803267389990E-002
   0.0000000000000000     
  -7.7302878367180583E-002
   0.0000000000000000     
  -7.1187951210962358E-002
   0.0000000000000000     
  -6.5850574717555149E-002
   7.7302878367180583E-002
   0.0000000000000000     
   7.1187951210962386E-002
   0.0000000000000000     
   6.5850574717555121E-002
   0.0000000000000000     
 -0.17525398703240425     
   0.0000000000000000     
 -0.15933368777744455     
   0.0000000000000000     
 -0.15640780266419629     
  0.15933368777744455     
   0.0000000000000000     
  0.15640780266419629     
   0.0000000000000000     
 -0.25952632357792438     
   0.0000000000000000     
 -0.22013369508162717     
  0.22013369508162717     
   0.0000000000000000     
 -0.33727323422103306     
