       0.03639260588337169
       0.07967674621293667
        0.1121151033424789
        0.1303566129751578
        0.1340433397284777
        0.1254070907806757
        0.1083141120972723
       0.08709663846996657
       0.06555100931231092
       0.04634013358264202
       0.03084630862767809
       0.01936782811397783
       0.01148544236018014
      0.006438951001610317
       0.00341497998969256
      0.001714319740182152
     0.0008148715915878157
     0.0003668548365994956
     0.0001564520741781091
     6.321087052888662e-05
      2.41957522651894e-05
     8.774309763755454e-06
     3.014267486000923e-06
     9.808335899345124e-07
     3.022638743532255e-07
     8.820058395295759e-08
     2.436425856200608e-08
     6.369711373901786e-09
     1.575600320459644e-09
      3.68632920134616e-10
     8.154798924224448e-11
      1.70506255682603e-11
     3.368214170866674e-12
      6.28352495536672e-13
     1.106498015983308e-13
     1.838350175454855e-14
     2.880115057230458e-15
     4.252612897337258e-16
     5.914432467252094e-17
     7.743089102500091e-18
      9.53624944907523e-19
      1.10409451698688e-19
     1.200846970430507e-20
     1.226007007490451e-21
     1.174021714646672e-22
     1.053594064608752e-23
       8.8532317684743e-25
     6.959198775483587e-26
     5.112369815466289e-27
     3.506272148817248e-28
      2.24264627269394e-29
     1.336209423445823e-30
     7.407428957575686e-32
      3.81586013713636e-33
      1.82420019768284e-34
     8.081632336063916e-36
     3.313063801862384e-37
     1.254832997687614e-38
     4.383790980162511e-40
     1.410139229217343e-41
     4.168863999668481e-43
     1.130481904477099e-44
     2.806037496787338e-46
     6.361270570982009e-48
     1.313981195978005e-49
     2.466810692170692e-51
     4.197747022871611e-53
     6.456269104911867e-55
     8.947337248622159e-57
     1.113566974699862e-58
     1.240235042255489e-60
     1.231376572608256e-62
     1.085367448905341e-64
     8.454956490954223e-67
     5.792630756610029e-69
      3.47185477635113e-71
     1.809859533562332e-73
     8.153752608413577e-76
     3.152472548793437e-78
     1.037900589915289e-80
     2.884875523307999e-83
     6.704801225971264e-86
     1.288963746436729e-88
       2.0248483451542e-91
     2.563392219967417e-94
     2.573961507517159e-97
    2.012654787480976e-100
    1.199484419382361e-103
    5.312132731540814e-107
    1.695969259446966e-110
    3.762097298634987e-114
    5.539641754450035e-118
    5.110640477091816e-122
    2.739965469401063e-126
    7.713611492636375e-131
    9.882494600960144e-136
    4.646863007293856e-141
    5.626037295021645e-147
    8.905031405887989e-154
    3.246565163435886e-162
