       0.07053988969199015
        0.3721268180016133
        0.9165821024832778
         1.707306531028346
         2.749199255309431
         4.048925313850894
         5.615174970861625
         7.459017453671069
         9.594392869581098
         12.03880254696431
         14.81429344263073
         17.94889552051938
         21.47878824028502
         25.45170279318691
          29.9325546317006
         35.01343424047902
         40.83305705672853
         47.61999404734653
          55.8107957500639
         66.52441652561578
