       0.01837276679561048
       0.04147285718886288
       0.06165636481078394
       0.07761654032384681
       0.08855544927734918
       0.09421106624229797
       0.09483302598033416
       0.09109285312128655
       0.08394939562248144
       0.07449647889594135
       0.06381897014493645
       0.05287753699300572
       0.04243360820336631
       0.03301681769438758
       0.02492957160368024
       0.01827854997863241
       0.01302124072443704
      0.009016530857201483
      0.006071019745433067
      0.003976035475683018
      0.002533463645792879
      0.001570892035958361
     0.0009480293423240595
     0.0005569357682464288
     0.0003185297029969379
     0.0001773784698694192
     9.618225438295006e-05
     5.078814269150206e-05
     2.611724967924036e-05
     1.308005359734602e-05
     6.380037628795986e-06
     3.030952664415265e-06
     1.402439505353822e-06
     6.320358524522902e-07
     2.774293198971495e-07
     1.186079311205618e-07
     4.938793958117864e-08
     2.002933614570078e-08
      7.91117672422916e-09
     3.043216153641344e-09
     1.140060767965546e-09
     4.159212350729914e-10
     1.477626527448656e-10
      5.11175021849922e-11
     1.721888917364395e-11
     5.647403150880992e-12
     1.803335947419155e-12
     5.606130324364614e-13
     1.696607849946672e-13
      4.99807843110639e-14
     1.433171376786497e-14
     3.999773462138182e-15
     1.086381169228499e-15
     2.871472156650801e-16
     7.385283124650659e-17
     1.848132493637667e-17
     4.499501175665145e-18
     1.065666946662795e-18
     2.455068831719016e-19
     5.501089815605833e-20
     1.198762522748464e-20
     2.540224147637345e-21
     5.233823952149684e-22
     1.048399256008416e-22
     2.041482946345568e-23
     3.863899188602227e-24
      7.10746752635755e-25
     1.270456173311478e-25
     2.206507310255921e-26
     3.723022122623403e-27
     6.102005590035887e-28
     9.713527292267227e-29
     1.501577632605366e-29
     2.253837373060924e-30
     3.284257546440352e-31
      4.64543003892958e-32
     6.377071651807019e-33
     8.494820111433965e-34
      1.09787706910461e-34
     1.376408111242294e-35
     1.673633045219291e-36
     1.973406004304146e-37
     2.255992287280275e-38
     2.500020542900148e-39
     2.685048906431584e-40
     2.794340361137354e-41
      2.81733590435942e-42
     2.751324342247643e-43
     2.601945593916161e-44
     2.382402174304785e-45
     2.111530077177385e-46
     1.811120397895846e-47
      1.50302196586085e-48
     1.206559936955277e-49
      9.36683983432998e-51
     7.030566659474908e-52
     5.100706398618982e-53
     3.576020614934536e-54
     2.422051990335508e-55
     1.584388876182643e-56
     1.000721107605614e-57
     6.101157426399478e-59
     3.589475638454566e-60
     2.037219282120041e-61
     1.115058050172407e-62
     5.883984247056745e-64
     2.992385745282378e-65
     1.466187947873802e-66
     6.918910785981649e-68
     3.143459076419826e-69
     1.374490284582926e-70
     5.781982540891227e-72
     2.339085415944967e-73
     9.096575028336528e-75
     3.399348940252025e-76
     1.220163707333855e-77
     4.204925346522675e-79
     1.390670495418053e-80
     4.411825248647321e-82
     1.341952096673518e-83
     3.911748095584731e-85
     1.092204922019685e-86
     2.919540185856634e-88
     7.467457479366865e-90
      1.82659742353685e-91
      4.27052361019131e-93
     9.537539224538703e-95
     2.033523284001069e-96
     4.136679252416915e-98
    8.023575500099248e-100
    1.482899686339105e-101
     2.60968492440328e-103
    4.370101700973037e-105
    6.958351062350348e-107
    1.052702304448591e-108
    1.511996528114115e-110
    2.060114550691432e-112
    2.660503839160027e-114
    3.253804831037439e-116
    3.765157872421418e-118
    4.118442870205773e-120
    4.254214916005807e-122
    4.145759447112001e-124
    3.807424541509154e-126
    3.291749271418666e-128
    2.676064113105582e-130
    2.043270664377692e-132
    1.463450885536296e-134
    9.819584246626703e-137
    6.164327190113557e-139
     3.61529994916521e-141
     1.97801352957045e-143
    1.008023167822675e-145
      4.7771179578341e-148
    2.101740132005413e-150
    8.569118526263177e-153
    3.231649226622199e-155
    1.125090514518119e-157
    3.608479784616502e-160
    1.063857750626642e-162
    2.876476060343851e-165
    7.115303793613365e-168
    1.606040112527473e-170
    3.298800898546046e-173
    6.147871014929424e-176
    1.036366238171225e-178
    1.575011268380247e-181
    2.150306782984002e-184
     2.62736606476699e-187
    2.861426855069685e-190
    2.765628517664252e-193
    2.361106516023622e-196
    1.771522559164812e-199
     1.16172698538968e-202
    6.619120130433286e-206
    3.255495584913093e-209
    1.372381988302504e-212
    4.920354856462961e-216
    1.487518994111533e-219
    3.756307502111896e-223
    7.840142016021965e-227
    1.336748416980692e-230
    1.837426109700169e-234
    2.006001490013832e-238
    1.710203167211229e-242
    1.116635763613651e-246
    5.459448502773096e-251
    1.946870554506684e-255
    4.908776409729006e-260
    8.431015556084807e-265
    9.426927576912889e-270
    6.486888545846403e-275
    2.558167317060449e-280
     5.26860258134327e-286
    4.998469790081724e-292
    1.829237575069143e-298
    1.976265083311254e-305
    4.051356042686814e-313
    6.768699348025078e-322
                         0
