       0.01438614699540668
       0.07580361202331308
        0.1863141020571303
        0.3459691809913586
        0.5548109375808611
        0.8128912841156202
         1.120273835007521
          1.47703432992384
         1.883260826342438
         2.339053849646093
         2.844526542755403
         3.399804827445709
         4.005027581758656
         4.660346835568935
         5.365927985585142
         6.121950030804041
         6.928605829376172
         7.786102377862502
         8.694661113922155
         9.654518243555074
         10.66592509412167
         11.72914849447223
         12.84447118364105
         14.01219224969428
          15.2326276004667
           16.506110468082
          17.8329919493264
         19.21364158413604
         20.64844797466834
          22.1378194476567
         23.68218476300239
         25.28199387183407
         26.93771872757427
         28.64985415389129
         30.41891877379094
         32.24545600452065
         34.13003512342151
         36.07325241037995
          38.0757323731071
         40.13812906211554
         42.26112748298478
         44.44544511431182
         46.69183354065154
         49.00108021077246
         51.37401033270404
         53.81148891835566
         56.31442299196171
         58.88376397828213
         61.52051028839612
         64.22571012310156
         67.00046451641929
         69.84593064455836
         72.76332542897464
         75.75392946593998
         78.81909131941147
         81.96023221906023
         85.17885121121891
         88.47653081739469
         91.85494326304932
         95.31585734883171
         98.86114604761357
         102.4927949239166
         106.2129114880468
          110.023735616031
         113.9276511889717
         117.9271991325733
         122.0250920704416
         126.2242308447504
         130.5277232067994
         134.9389050402274
         139.4613645542401
         144.0989699772128
         148.8559013977582
         153.7366875479731
         158.7462485117133
         163.8899455825872
         169.1736398100031
         174.6037611823766
         180.1873909402456
          185.932360239667
         191.8473693722483
         197.9421331021433
         204.2275595670305
         210.7159728615769
         217.4213932720014
         224.3598947888746
         231.5500680251723
         239.0136297513151
         246.7762409672484
         254.8686292570473
         263.3281684691578
         272.2011700240923
         281.5463282838972
         291.4401336163767
         301.9858552516395
         313.3295340040754
         325.6912634370265
         339.4351019234495
         355.2613118885342
         374.9841128343427
