       0.02863051833937586
        0.1508829356769174
        0.3709487815348779
        0.6890906998810293
          1.10562502353989
         1.620961751102476
         2.235610375915152
         2.950183366641818
         3.765399774405774
          4.68208938755928
         5.701197574784881
         6.823790909794546
         8.051063669390787
         9.384345308258405
         10.82510903154914
         12.37498160875745
         14.03575459982989
         15.80939719784466
         17.69807093335023
         19.70414653546158
         21.83022330657826
         24.07915144441151
         26.45405784125299
         28.95837601193737
         31.59588095662287
         34.37072996309045
         37.28751061055048
         40.35129757358607
         43.56772026999504
         46.94304399160302
         50.48426796312992
         54.19924488016862
         58.09682801724854
         62.18705417568892
         66.48137387844484
         70.99294482661952
         75.73701154772732
         80.73140480247768
         85.99721113646326
         91.55969041253383
         97.44956561485064
         103.7048912366923
         110.3738588076403
         117.5191982031111
         125.2254701334735
         133.6120279227288
          142.858325489254
         153.2603719726037
         165.3856433166827
         180.6983437092144
