        0.1687468018511152
        0.2912543620060685
         0.266686102867001
        0.1660024532695055
       0.07482606466879245
       0.02496441730928314
      0.006202550844572207
      0.001144962386476896
     0.0001557417730278113
      1.54014408652249e-05
     1.086486366517979e-06
       5.3301209095567e-08
     1.757981179050555e-09
     3.725502402512292e-11
     4.767529251578155e-13
     3.372844243362382e-15
     1.155014339500436e-17
     1.539522140582338e-20
      5.28644272556909e-24
     1.656456612498994e-28
