0   9.51515
0.01   9.46511
0.02   9.31596
0.03   9.07051
0.04   8.73338
0.05   8.31093
0.06   7.81104
0.07   7.24301
0.08   6.61729
0.09   5.9453
0.1   5.23913
0.11   4.51133
0.12   3.77457
0.13   3.04142
0.14   2.32408
0.15   1.63409
0.16   0.982114
0.17   0.377749
0.18   -0.170692
0.19   -0.656316
0.2   -1.07376
0.21   -1.41929
0.22   -1.6908
0.23   -1.88785
0.24   -2.01162
0.25   -2.0648
0.26   -2.05151
0.27   -1.97716
0.28   -1.84825
0.29   -1.67221
0.3   -1.45717
0.31   -1.21177
0.32   -0.944889
0.33   -0.665452
0.34   -0.382208
0.35   -0.103516
0.36   0.162846
0.37   0.40985
0.38   0.631364
0.39   0.822272
0.4   0.978561
0.41   1.09738
0.42   1.17707
0.43   1.21714
0.44   1.21824
0.45   1.18213
0.46   1.11151
0.47   1.00997
0.48   0.881849
0.49   0.732045
0.5   0.565897
0.51   0.388999
0.52   0.207038
0.53   0.0256278
0.54   -0.149845
0.55   -0.314369
0.56   -0.463435
0.57   -0.593149
0.58   -0.70032
0.59   -0.782529
0.6   -0.838173
0.61   -0.866481
0.62   -0.867513
0.63   -0.842127
0.64   -0.791932
0.65   -0.719214
0.66   -0.626852
0.67   -0.518213
0.68   -0.397041
0.69   -0.267338
0.7   -0.133234
0.71   0.00113075
0.72   0.131729
0.73   0.254762
0.74   0.366763
0.75   0.464688
0.76   0.545994
0.77   0.608699
0.78   0.651426
0.79   0.673423
0.8   0.674572
0.81   0.655373
0.82   0.616915
0.83   0.560827
0.84   0.489217
0.85   0.404597
0.86   0.309801
0.87   0.207893
0.88   0.102071
0.89   -0.00443093
0.9   -0.108434
0.91   -0.206909
0.92   -0.297064
0.93   -0.376415
0.94   -0.442853
0.95   -0.494699
0.96   -0.530739
0.97   -0.550252
0.98   -0.553017
0.99   -0.53931
1   -0.509883
1.01   -0.465931
1.02   -0.409049
1.03   -0.341175
1.04   -0.264528
1.05   -0.181533
1.06   -0.0947524
1.07   -0.00680257
1.08   0.0797192
1.09   0.162311
1.1   0.238637
1.11   0.30659
1.12   0.36435
1.13   0.410427
1.14   0.443701
1.15   0.463444
1.16   0.469334
1.17   0.461454
1.18   0.440285
1.19   0.406679
1.2   0.361831
1.21   0.307238
1.22   0.244646
1.23   0.175998
1.24   0.103375
1.25   0.0289329
1.26   -0.0451615
1.27   -0.116791
1.28   -0.183946
1.29   -0.244785
1.3   -0.297676
1.31   -0.341245
1.32   -0.374405
1.33   -0.396386
1.34   -0.406748
1.35   -0.405386
1.36   -0.392528
1.37   -0.368725
1.38   -0.334824
1.39   -0.291941
1.4   -0.241427
1.41   -0.184821
1.42   -0.12381
1.43   -0.0601711
1.44   0.00427305
1.45   0.067709
1.46   0.128382
1.47   0.184644
1.48   0.234998
1.49   0.278133
1.5   0.312962
1.51   0.338646
1.52   0.35461
1.53   0.360558
1.54   0.356475
1.55   0.342618
1.56   0.319513
1.57   0.287926
1.58   0.248844
1.59   0.203442
1.6   0.15305
1.61   0.0991094
1.62   0.0431365
1.63   -0.0133221
1.64   -0.0687313
1.65   -0.121609
1.66   -0.170564
1.67   -0.214334
1.68   -0.251814
1.69   -0.282087
1.7   -0.30444
1.71   -0.318387
1.72   -0.323668
1.73   -0.320262
1.74   -0.308378
1.75   -0.288443
1.76   -0.261094
1.77   -0.227152
1.78   -0.187599
1.79   -0.143549
1.8   -0.0962172
1.81   -0.0468859
1.82   0.00313004
1.83   0.0525182
1.84   0.100002
1.85   0.144375
1.86   0.184528
1.87   0.219478
1.88   0.248392
1.89   0.270603
1.9   0.285629
1.91   0.293175
1.92   0.293146
1.93   0.285637
1.94   0.270935
1.95   0.249504
1.96   0.221971
1.97   0.189108
1.98   0.151809
1.99   0.111068
2   0.0679467
2.01   0.0235543
2.02   -0.020987
2.03   -0.0645674
2.04   -0.106118
2.05   -0.144635
2.06   -0.179205
2.07   -0.209026
2.08   -0.233425
2.09   -0.251868
2.1   -0.26398
2.11   -0.269542
2.12   -0.268499
2.13   -0.260955
2.14   -0.247173
2.15   -0.227559
2.16   -0.202655
2.17   -0.173121
2.18   -0.139719
2.19   -0.103292
2.2   -0.0647393
2.21   -0.025001
2.22   0.0149705
2.23   0.0542313
2.24   0.0918681
2.25   0.127019
2.26   0.158893
2.27   0.186789
2.28   0.210104
2.29   0.228356
2.3   0.241182
2.31   0.248352
2.32   0.249768
2.33   0.245467
2.34   0.235612
2.35   0.220492
2.36   0.200513
2.37   0.176179
2.38   0.148091
2.39   0.116919
2.4   0.0833971
2.41   0.048297
2.42   0.0124157
2.43   -0.0234451
2.44   -0.0584961
2.45   -0.0919779
2.46   -0.123177
2.47   -0.151439
2.48   -0.176186
2.49   -0.196924
2.5   -0.213251
2.51   -0.224869
2.52   -0.231583
2.53   -0.233308
2.54   -0.230064
2.55   -0.221979
2.56   -0.209278
2.57   -0.192282
2.58   -0.171396
2.59   -0.147101
2.6   -0.119939
2.61   -0.0905068
2.62   -0.0594353
2.63   -0.0273811
2.64   0.0049899
2.65   0.0370156
2.66   0.0680512
2.67   0.0974822
2.68   0.124736
2.69   0.149293
2.7   0.170695
2.71   0.188555
2.72   0.202561
2.73   0.212483
2.74   0.218174
2.75   0.219572
2.76   0.216701
2.77   0.209666
2.78   0.198651
2.79   0.183914
2.8   0.165779
2.81   0.14463
2.82   0.120901
2.83   0.0950697
2.84   0.0676426
2.85   0.0391494
2.86   0.0101304
2.87   -0.0188735
2.88   -0.0473304
2.89   -0.0747277
2.9   -0.10058
2.91   -0.12444
2.92   -0.145901
2.93   -0.164609
2.94   -0.180264
2.95   -0.192625
2.96   -0.201514
2.97   -0.206818
2.98   -0.208487
2.99   -0.206536
3   -0.201043
3.01   -0.192146
3.02   -0.180036
3.03   -0.164958
3.04   -0.147202
3.05   -0.1271
3.06   -0.105014
3.07   -0.081334
3.08   -0.0564702
3.09   -0.0308439
3.1   -0.00488128
3.11   0.0209936
3.12   0.0463661
3.13   0.0708372
3.14   0.0940299
3.15   0.115594
3.16   0.135213
3.17   0.152606
3.18   0.167531
3.19   0.17979
3.2   0.189232
3.21   0.195748
3.22   0.199278
3.23   0.199808
3.24   0.197369
3.25   0.192036
3.26   0.183924
3.27   0.173189
3.28   0.16002
3.29   0.144639
3.3   0.127293
3.31   0.108255
3.32   0.087815
3.33   0.0662759
3.34   0.0439507
3.35   0.0211566
3.36   -0.00178977
3.37   -0.0245762
3.38   -0.0468995
3.39   -0.0684694
3.4   -0.0890117
3.41   -0.108272
3.42   -0.126019
3.43   -0.142045
3.44   -0.156171
3.45   -0.168245
3.46   -0.178145
3.47   -0.18578
3.48   -0.191088
3.49   -0.19404
3.5   -0.194633
3.51   -0.192897
3.52   -0.188886
3.53   -0.182682
3.54   -0.174391
3.55   -0.164139
3.56   -0.152075
3.57   -0.138363
3.58   -0.123182
3.59   -0.106724
3.6   -0.0891894
3.61   -0.0707865
3.62   -0.0517268
3.63   -0.0322238
3.64   -0.0124898
3.65   0.00726581
3.66   0.0268394
3.67   0.0460348
3.68   0.0646653
3.69   0.0825551
3.7   0.0995413
3.71   0.115474
3.72   0.13022
3.73   0.14366
3.74   0.15569
3.75   0.166227
3.76   0.1752
3.77   0.182557
3.78   0.188264
3.79   0.192302
3.8   0.194667
3.81   0.19537
3.82   0.19444
3.83   0.191915
3.84   0.187848
3.85   0.182303
3.86   0.175354
3.87   0.167084
3.88   0.157585
3.89   0.146955
3.9   0.135296
3.91   0.122717
3.92   0.109328
3.93   0.0952435
3.94   0.0805757
3.95   0.0654387
3.96   0.0499449
3.97   0.0342047
3.98   0.0183256
3.99   0.00241154
4   -0.013438
4.01   -0.0291285
4.02   -0.0445708
4.03   -0.0596815
4.04   -0.0743836
4.05   -0.0886066
4.06   -0.102287
4.07   -0.115367
4.08   -0.127797
4.09   -0.139533
4.1   -0.15054
4.11   -0.160788
4.12   -0.170253
4.13   -0.178918
4.14   -0.186773
4.15   -0.193812
4.16   -0.200036
4.17   -0.20545
4.18   -0.210064
4.19   -0.213893
4.2   -0.216955
4.21   -0.219271
4.22   -0.220868
4.23   -0.221774
4.24   -0.222017
4.25   -0.221632
4.26   -0.220651
4.27   -0.219111
4.28   -0.217048
4.29   -0.214498
4.3   -0.211499
4.31   -0.208089
4.32   -0.204305
4.33   -0.200183
4.34   -0.195761
4.35   -0.191073
4.36   -0.186154
4.37   -0.181037
4.38   -0.175755
4.39   -0.170338
4.4   -0.164816
4.41   -0.159216
4.42   -0.153565
4.43   -0.147886
4.44   -0.142204
4.45   -0.136539
4.46   -0.13091
4.47   -0.125336
4.48   -0.119833
4.49   -0.114416
4.5   -0.109098
4.51   -0.10389
4.52   -0.0988027
4.53   -0.0938454
4.54   -0.0890253
4.55   -0.0843487
4.56   -0.0798209
4.57   -0.0754457
4.58   -0.0712263
4.59   -0.0671647
4.6   -0.0632619
4.61   -0.0595185
4.62   -0.055934
4.63   -0.0525072
4.64   -0.0492366
4.65   -0.0461199
4.66   -0.0431545
4.67   -0.0403371
4.68   -0.0376643
4.69   -0.0351324
4.7   -0.0327372
4.71   -0.0304744
4.72   -0.0283397
4.73   -0.0263284
4.74   -0.0244358
4.75   -0.0226572
4.76   -0.0209878
4.77   -0.0194228
4.78   -0.0179576
4.79   -0.0165872
4.8   -0.0153072
4.81   -0.0141129
4.82   -0.0129999
4.83   -0.0119638
4.84   -0.0110003
4.85   -0.0101054
4.86   -0.00927506
4.87   -0.00850543
4.88   -0.00779283
4.89   -0.00713374
4.9   -0.00652475
4.91   -0.00596264
4.92   -0.00544431
4.93   -0.00496684
4.94   -0.00452744
4.95   -0.00412347
4.96   -0.00375242
4.97   -0.00341195
4.98   -0.00309983
4.99   -0.00281396
5   -0.00255239
5.01   -0.00231327
5.02   -0.00209488
5.03   -0.00189559
5.04   -0.0017139
5.05   -0.00154841
5.06   -0.0013978
5.07   -0.00126086
5.08   -0.00113645
5.09   -0.00102353
5.1   -0.000921116
5.11   -0.00082832
5.12   -0.000744307
5.13   -0.000668309
5.14   -0.00059962
5.15   -0.000537587
5.16   -0.000481613
5.17   -0.000431146
5.18   -0.000385683
5.19   -0.00034476
5.2   -0.000307953
5.21   -0.000274876
5.22   -0.000245173
5.23   -0.000218521
5.24   -0.000194627
5.25   -0.000173221
5.26   -0.000154059
5.27   -0.000136919
5.28   -0.0001216
5.29   -0.000107919
5.3   -9.57098e-05
5.31   -8.48223e-05
5.32   -7.51208e-05
5.33   -6.64827e-05
5.34   -5.87972e-05
5.35   -5.19642e-05
5.36   -4.58937e-05
5.37   -4.05046e-05
5.38   -3.57239e-05
5.39   -3.1486e-05
5.4   -2.7732e-05
5.41   -2.44091e-05
5.42   -2.14698e-05
5.43   -1.88719e-05
5.44   -1.65771e-05
5.45   -1.45517e-05
5.46   -1.27653e-05
5.47   -1.11907e-05
5.48   -9.80392e-06
5.49   -8.5833e-06
5.5   -7.50971e-06
5.51   -6.5661e-06
5.52   -5.73731e-06
5.53   -5.00987e-06
5.54   -4.37182e-06
5.55   -3.81256e-06
5.56   -3.3227e-06
5.57   -2.89391e-06
5.58   -2.51884e-06
5.59   -2.19098e-06
5.6   -1.90458e-06
5.61   -1.65456e-06
5.62   -1.43645e-06
5.63   -1.2463e-06
5.64   -1.08064e-06
5.65   -9.36404e-07
5.66   -8.10913e-07
5.67   -7.018e-07
5.68   -6.06988e-07
5.69   -5.24658e-07
5.7   -4.53213e-07
5.71   -3.91254e-07
5.72   -3.37556e-07
5.73   -2.91048e-07
5.74   -2.50793e-07
5.75   -2.15973e-07
5.76   -1.85873e-07
5.77   -1.59871e-07
5.78   -1.37422e-07
5.79   -1.18053e-07
5.8   -1.01352e-07
5.81   -8.69618e-08
5.82   -7.45692e-08
5.83   -6.39041e-08
5.84   -5.47313e-08
5.85   -4.6847e-08
5.86   -4.00744e-08
5.87   -3.42604e-08
5.88   -2.92724e-08
5.89   -2.49956e-08
5.9   -2.13311e-08
5.91   -1.81929e-08
5.92   -1.55073e-08
5.93   -1.32102e-08
5.94   -1.12468e-08
5.95   -9.56959e-09
5.96   -8.13769e-09
5.97   -6.91598e-09
5.98   -5.87425e-09
5.99   -4.98651e-09
6   -4.23046e-09
6.01   -3.58695e-09
6.02   -3.03956e-09
6.03   -2.57421e-09
6.04   -2.17884e-09
6.05   -1.84313e-09
6.06   -1.55824e-09
6.07   -1.31663e-09
6.08   -1.11184e-09
6.09   -9.38368e-10
6.1   -7.91505e-10
6.11   -6.67246e-10
6.12   -5.62173e-10
6.13   -4.73376e-10
6.14   -3.98378e-10
6.15   -3.35071e-10
6.16   -2.81665e-10
6.17   -2.36637e-10
6.18   -1.98694e-10
6.19   -1.66741e-10
6.2   -1.39848e-10
6.21   -1.17226e-10
6.22   -9.82087e-11
6.23   -8.223e-11
6.24   -6.88126e-11
6.25   -5.75522e-11
6.26   -4.81076e-11
6.27   -4.01904e-11
6.28   -3.35575e-11
6.29   -2.80037e-11
6.3   -2.33561e-11
6.31   -1.9469e-11
6.32   -1.62198e-11
6.33   -1.35054e-11
6.34   -1.12391e-11
6.35   -9.34792e-12
6.36   -7.77068e-12
6.37   -6.45601e-12
6.38   -5.36082e-12
6.39   -4.44897e-12
6.4   -3.6902e-12
6.41   -3.05917e-12
6.42   -2.53466e-12
6.43   -2.09893e-12
6.44   -1.73716e-12
6.45   -1.43697e-12
6.46   -1.188e-12
6.47   -9.81638e-13
6.48   -8.10682e-13
6.49   -6.69136e-13
6.5   -5.52006e-13
6.51   -4.55133e-13
6.52   -3.75059e-13
6.53   -3.08906e-13
6.54   -2.54284e-13
6.55   -2.09208e-13
6.56   -1.72031e-13
6.57   -1.41384e-13
6.58   -1.16135e-13
6.59   -9.53435e-14
6.6   -7.82327e-14
6.61   -6.41585e-14
6.62   -5.25883e-14
6.63   -4.30817e-14
6.64   -3.52748e-14
6.65   -2.88674e-14
6.66   -2.36112e-14
6.67   -1.93019e-14
6.68   -1.57708e-14
6.69   -1.28788e-14
6.7   -1.05116e-14
6.71   -8.57496e-15
6.72   -6.99145e-15
6.73   -5.69736e-15
6.74   -4.64037e-15
6.75   -3.77749e-15
6.76   -3.07345e-15
6.77   -2.49931e-15
6.78   -2.03137e-15
6.79   -1.65017e-15
6.8   -1.33981e-15
6.81   -1.08725e-15
6.82   -8.81843e-16
6.83   -7.14869e-16
6.84   -5.79209e-16
6.85   -4.69049e-16
6.86   -3.79644e-16
6.87   -3.0712e-16
6.88   -2.48323e-16
6.89   -2.00678e-16
6.9   -1.6209e-16
6.91   -1.30855e-16
6.92   -1.05585e-16
6.93   -8.51503e-17
6.94   -6.86354e-17
6.95   -5.52951e-17
6.96   -4.45248e-17
6.97   -3.58339e-17
6.98   -2.88246e-17
6.99   -2.31745e-17
7   -1.86223e-17
7.01   -1.49567e-17
7.02   -1.20065e-17
7.03   -9.63327e-18
7.04   -7.72521e-18
7.05   -6.19191e-18
7.06   -4.96042e-18
7.07   -3.97183e-18
7.08   -3.17865e-18
7.09   -2.54257e-18
7.1   -2.03275e-18
7.11   -1.62433e-18
7.12   -1.29731e-18
7.13   -1.0356e-18
7.14   -8.26274e-19
7.15   -6.58923e-19
7.16   -5.25202e-19
7.17   -4.18406e-19
7.18   -3.33159e-19
7.19   -2.65146e-19
7.2   -2.10912e-19
7.21   -1.67687e-19
7.22   -1.33253e-19
7.23   -1.05837e-19
7.24   -8.40196e-20
7.25   -6.66661e-20
7.26   -5.28704e-20
7.27   -4.19085e-20
7.28   -3.32028e-20
7.29   -2.62924e-20
7.3   -2.08098e-20
7.31   -1.64623e-20
7.32   -1.30165e-20
7.33   -1.02869e-20
7.34   -8.12562e-21
7.35   -6.41524e-21
7.36   -5.06236e-21
7.37   -3.9928e-21
7.38   -3.14765e-21
7.39   -2.48016e-21
7.4   -1.95325e-21
7.41   -1.53752e-21
7.42   -1.20967e-21
7.43   -9.51264e-22
7.44   -7.47686e-22
7.45   -5.87385e-22
7.46   -4.61224e-22
7.47   -3.61982e-22
7.48   -2.83954e-22
7.49   -2.22636e-22
7.5   -1.74473e-22
7.51   -1.36662e-22
7.52   -1.06992e-22
7.53   -8.37231e-23
7.54   -6.54824e-23
7.55   -5.11907e-23
7.56   -3.99985e-23
7.57   -3.12381e-23
7.58   -2.43844e-23
7.59   -1.90251e-23
7.6   -1.48365e-23
7.61   -1.15643e-23
7.62   -9.00946e-24
7.63   -7.01561e-24
7.64   -5.46034e-24
7.65   -4.24779e-24
7.66   -3.30289e-24
7.67   -2.56693e-24
7.68   -1.99399e-24
7.69   -1.54817e-24
7.7   -1.20145e-24
7.71   -9.31927e-25
7.72   -7.22514e-25
7.73   -5.59887e-25
7.74   -4.33654e-25
7.75   -3.3572e-25
7.76   -2.59776e-25
7.77   -2.00915e-25
7.78   -1.55315e-25
7.79   -1.20007e-25
7.8   -9.26809e-26
7.81   -7.15424e-26
7.82   -5.51985e-26
7.83   -4.25678e-26
7.84   -3.28115e-26
7.85   -2.52792e-26
7.86   -1.94666e-26
7.87   -1.49833e-26
7.88   -1.1527e-26
7.89   -8.86373e-27
7.9   -6.81253e-27
7.91   -5.23349e-27
7.92   -4.01853e-27
7.93   -3.08414e-27
7.94   -2.36588e-27
7.95   -1.81402e-27
7.96   -1.39023e-27
7.97   -1.06493e-27
7.98   -8.15357e-28
7.99   -6.23976e-28
8   -4.77288e-28
8.01   -3.6491e-28
8.02   -2.78858e-28
8.03   -2.12997e-28
8.04   -1.62614e-28
8.05   -1.24089e-28
8.06   -9.46464e-29
8.07   -7.21552e-29
8.08   -5.49825e-29
8.09   -4.18769e-29
8.1   -3.188e-29
8.11   -2.42581e-29
8.12   -1.84496e-29
8.13   -1.40253e-29
8.14   -1.0657e-29
8.15   -8.09369e-30
8.16   -6.14405e-30
8.17   -4.66184e-30
8.18   -3.53552e-30
8.19   -2.68006e-30
8.2   -2.03063e-30
8.21   -1.53784e-30
8.22   -1.16409e-30
8.23   -8.80761e-31
8.24   -6.66076e-31
8.25   -5.03483e-31
8.26   -3.804e-31
8.27   -2.87271e-31
8.28   -2.1684e-31
8.29   -1.63599e-31
8.3   -1.23373e-31
8.31   -9.29936e-32
8.32   -7.0062e-32
8.33   -5.27604e-32
8.34   -3.97127e-32
8.35   -2.98777e-32
8.36   -2.24678e-32
8.37   -1.68877e-32
8.38   -1.26875e-32
8.39   -9.52754e-33
8.4   -7.15122e-33
8.41   -5.36508e-33
8.42   -4.02318e-33
8.43   -3.0155e-33
8.44   -2.25915e-33
8.45   -1.69172e-33
8.46   -1.26622e-33
8.47   -9.47301e-34
8.48   -7.08375e-34
8.49   -5.29463e-34
8.5   -3.95554e-34
8.51   -2.95374e-34
8.52   -2.20464e-34
8.53   -1.64475e-34
8.54   -1.22648e-34
8.55   -9.14155e-35
8.56   -6.81046e-35
8.57   -5.07143e-35
8.58   -3.77471e-35
8.59   -2.80824e-35
8.6   -2.08825e-35
8.61   -1.55214e-35
8.62   -1.15312e-35
8.63   -8.56289e-36
8.64   -6.3557e-36
8.65   -4.71525e-36
8.66   -3.4966e-36
8.67   -2.5917e-36
8.68   -1.9201e-36
8.69   -1.42187e-36
8.7   -1.05244e-36
8.71   -7.78631e-37
8.72   -5.75793e-37
8.73   -4.25598e-37
8.74   -3.14437e-37
8.75   -2.32202e-37
8.76   -1.71395e-37
8.77   -1.26453e-37
8.78   -9.32528e-38
8.79   -6.87375e-38
8.8   -5.06436e-38
8.81   -3.72954e-38
8.82   -2.74528e-38
8.83   -2.01985e-38
8.84   -1.48542e-38
8.85   -1.0919e-38
8.86   -8.02256e-39
8.87   -5.89176e-39
8.88   -4.32492e-39
8.89   -3.1733e-39
8.9   -2.32726e-39
8.91   -1.706e-39
8.92   -1.25001e-39
8.93   -9.15483e-40
8.94   -6.70173e-40
8.95   -4.90371e-40
8.96   -3.58644e-40
8.97   -2.62182e-40
8.98   -1.91577e-40
8.99   -1.39922e-40
9   -1.02148e-40
9.01   -7.45373e-41
9.02   -5.43651e-41
9.03   -3.9634e-41
9.04   -2.88813e-41
9.05   -2.10362e-41
9.06   -1.53151e-41
9.07   -1.11448e-41
9.08   -8.10643e-42
9.09   -5.89369e-42
9.1   -4.28299e-42
9.11   -3.11106e-42
9.12   -2.25877e-42
9.13   -1.63923e-42
9.14   -1.18907e-42
9.15   -8.62139e-43
9.16   -6.24813e-43
9.17   -4.52611e-43
9.18   -3.2772e-43
9.19   -2.37183e-43
9.2   -1.7158e-43
9.21   -1.24066e-43
9.22   -8.96684e-44
9.23   -6.47784e-44
9.24   -4.67761e-44
9.25   -3.37614e-44
9.26   -2.43568e-44
9.27   -1.7564e-44
9.28   -1.26598e-44
9.29   -9.12088e-45
9.3   -6.56824e-45
9.31   -4.72785e-45
9.32   -3.40159e-45
9.33   -2.44627e-45
9.34   -1.75845e-45
9.35   -1.26345e-45
9.36   -9.07383e-46
9.37   -6.51369e-46
9.38   -4.67376e-46
9.39   -3.35205e-46
9.4   -2.40302e-46
9.41   -1.7219e-46
9.42   -1.23328e-46
9.43   -8.82921e-47
9.44   -6.31807e-47
9.45   -4.5191e-47
9.46   -3.23089e-47
9.47   -2.30886e-47
9.48   -1.64922e-47
9.49   -1.1775e-47
9.5   -8.40329e-48
9.51   -5.99435e-48
9.52   -4.27404e-48
9.53   -3.04607e-48
9.54   -2.16993e-48
9.55   -1.5451e-48
9.56   -1.0997e-48
9.57   -7.82335e-49
9.58   -5.56311e-49
9.59   -3.9541e-49
9.6   -2.8092e-49
9.61   -1.9949e-49
9.62   -1.41601e-49
9.63   -1.00465e-49
9.64   -7.12477e-50
9.65   -5.05046e-50
9.66   -3.57846e-50
9.67   -2.53435e-50
9.68   -1.79408e-50
9.69   -1.26947e-50
9.7   -8.97863e-51
9.71   -6.34749e-51
9.72   -4.48538e-51
9.73   -3.16813e-51
9.74   -2.23672e-51
9.75   -1.57843e-51
9.76   -1.11339e-51
9.77   -7.85003e-52
9.78   -5.53227e-52
9.79   -3.89709e-52
9.8   -2.744e-52
9.81   -1.93123e-52
9.82   -1.35859e-52
9.83   -9.55324e-53
9.84   -6.71457e-53
9.85   -4.71728e-53
9.86   -3.31262e-53
9.87   -2.32519e-53
9.88   -1.63136e-53
9.89   -1.14406e-53
9.9   -8.01965e-54
9.91   -5.6191e-54
9.92   -3.93537e-54
9.93   -2.75493e-54
9.94   -1.92771e-54
9.95   -1.34828e-54
9.96   -9.42593e-55
9.97   -6.58682e-55
9.98   -4.60081e-55
9.99   -3.21218e-55
10   -2.24167e-55
10.01   -1.56369e-55
10.02   -1.09027e-55
10.03   -7.59851e-56
10.04   -5.29333e-56
10.05   -3.68583e-56
10.06   -2.56537e-56
10.07   -1.78472e-56
10.08   -1.24108e-56
10.09   -8.62651e-57
10.1   -5.99347e-57
10.11   -4.16226e-57
10.12   -2.88926e-57
10.13   -2.00471e-57
10.14   -1.39035e-57
10.15   -9.63841e-58
10.16   -6.67872e-58
10.17   -4.62582e-58
10.18   -3.20252e-58
10.19   -2.21617e-58
10.2   -1.53293e-58
10.21   -1.05986e-58
10.22   -7.32458e-59
10.23   -5.0597e-59
10.24   -3.49361e-59
10.25   -2.4112e-59
10.26   -1.66341e-59
10.27   -1.14703e-59
10.28   -7.90598e-60
10.29   -5.44686e-60
10.3   -3.75098e-60
10.31   -2.58197e-60
10.32   -1.7765e-60
10.33   -1.22177e-60
10.34   -8.39887e-61
10.35   -5.77113e-61
10.36   -3.96378e-61
10.37   -2.72124e-61
10.38   -1.86737e-61
10.39   -1.28087e-61
10.4   -8.78188e-62
10.41   -6.01837e-62
10.42   -4.12267e-62
10.43   -2.82284e-62
10.44   -1.93199e-62
10.45   -1.32169e-62
10.46   -9.03783e-63
10.47   -6.17743e-63
10.48   -4.22046e-63
10.49   -2.88218e-63
10.5   -1.9674e-63
10.51   -1.34237e-63
10.52   -9.15502e-64
10.53   -6.24104e-64
10.54   -4.25269e-64
10.55   -2.89654e-64
10.56   -1.97199e-64
10.57   -1.34195e-64
10.58   -9.12812e-65
10.59   -6.20631e-65
10.6   -4.21789e-65
10.61   -2.86528e-65
10.62   -1.94557e-65
10.63   -1.3205e-65
10.64   -8.95855e-66
10.65   -6.07501e-66
10.66   -4.1178e-66
10.67   -2.78993e-66
10.68   -1.88943e-66
10.69   -1.27903e-66
10.7   -8.65439e-67
10.71   -5.85334e-67
10.72   -3.95713e-67
10.73   -2.67403e-67
10.74   -1.80619e-67
10.75   -1.21947e-67
10.76   -8.22974e-68
10.77   -5.55152e-68
10.78   -3.74325e-68
10.79   -2.52287e-68
10.8   -1.69962e-68
10.81   -1.1445e-68
10.82   -7.7036e-69
10.83   -5.18299e-69
10.84   -3.48559e-69
10.85   -2.34306e-69
10.86   -1.57435e-69
10.87   -1.05737e-69
10.88   -7.0985e-70
10.89   -4.76337e-70
10.9   -3.19502e-70
10.91   -2.14211e-70
10.92   -1.43556e-70
10.93   -9.61638e-71
10.94   -6.4389e-71
10.95   -4.30946e-71
10.96   -2.883e-71
10.97   -1.92787e-71
10.98   -1.2886e-71
10.99   -8.60941e-72
11   -5.7496e-72
11.01   -3.83807e-72
11.02   -2.56093e-72
11.03   -1.70803e-72
11.04   -1.13868e-72
11.05   -7.58789e-73
11.06   -5.05417e-73
11.07   -3.36504e-73
11.08   -2.23945e-73
11.09   -1.48972e-73
11.1   -9.90551e-74
11.11   -6.58356e-74
11.12   -4.37377e-74
11.13   -2.90444e-74
11.14   -1.92788e-74
11.15   -1.27911e-74
11.16   -8.483e-75
11.17   -5.62342e-75
11.18   -3.72617e-75
11.19   -2.46795e-75
11.2   -1.63389e-75
11.21   -1.08123e-75
11.22   -7.15199e-76
11.23   -4.72875e-76
11.24   -3.1252e-76
11.25   -2.06452e-76
11.26   -1.36324e-76
11.27   -8.99786e-77
11.28   -5.93631e-77
11.29   -3.91476e-77
11.3   -2.58051e-77
11.31   -1.70027e-77
11.32   -1.1198e-77
11.33   -7.37185e-78
11.34   -4.85091e-78
11.35   -3.19067e-78
11.36   -2.09775e-78
11.37   -1.37859e-78
11.38   -9.05587e-79
11.39   -5.94616e-79
11.4   -3.90261e-79
11.41   -2.56027e-79
11.42   -1.67891e-79
11.43   -1.10048e-79
11.44   -7.21021e-80
11.45   -4.72201e-80
11.46   -3.09113e-80
11.47   -2.02264e-80
11.48   -1.32292e-80
11.49   -8.64891e-81
11.5   -5.65198e-81
11.51   -3.69192e-81
11.52   -2.41055e-81
11.53   -1.57323e-81
11.54   -1.02631e-81
11.55   -6.69238e-82
11.56   -4.36208e-82
11.57   -2.84197e-82
11.58   -1.85079e-82
11.59   -1.20478e-82
11.6   -7.83916e-83
11.61   -5.09853e-83
11.62   -3.31461e-83
11.63   -2.15394e-83
11.64   -1.39909e-83
11.65   -9.08388e-84
11.66   -5.89535e-84
11.67   -3.82438e-84
11.68   -2.47984e-84
11.69   -1.60731e-84
11.7   -1.04133e-84
11.71   -6.74359e-85
11.72   -4.36522e-85
11.73   -2.82445e-85
11.74   -1.82673e-85
11.75   -1.18094e-85
11.76   -7.6312e-86
11.77   -4.92915e-86
11.78   -3.18247e-86
11.79   -2.05385e-86
11.8   -1.32491e-86
11.81   -8.54314e-87
11.82   -5.50632e-87
11.83   -3.54747e-87
11.84   -2.28449e-87
11.85   -1.47052e-87
11.86   -9.46169e-88
11.87   -6.08525e-88
11.88   -3.91202e-88
11.89   -2.51384e-88
11.9   -1.61468e-88
11.91   -1.03669e-88
11.92   -6.65311e-89
11.93   -4.2679e-89
11.94   -2.73663e-89
11.95   -1.75401e-89
11.96   -1.12373e-89
11.97   -7.19622e-90
11.98   -4.60639e-90
11.99   -2.94734e-90
12   -1.88501e-90
12.01   -1.20506e-90
12.02   -7.70052e-91
12.03   -4.91863e-91
12.04   -3.14037e-91
12.05   -2.00416e-91
12.06   -1.27849e-91
12.07   -8.1522e-92
12.08   -5.19597e-92
12.09   -3.31034e-92
12.1   -2.1081e-92
12.11   -1.34192e-92
12.12   -8.53831e-93
12.13   -5.43041e-93
12.14   -3.45229e-93
12.15   -2.19379e-93
12.16   -1.39347e-93
12.17   -8.84736e-94
12.18   -5.61492e-94
12.19   -3.56195e-94
12.2   -2.25863e-94
12.21   -1.43159e-94
12.22   -9.06991e-95
12.23   -5.74385e-95
12.24   -3.63594e-95
12.25   -2.30062e-95
12.26   -1.45508e-95
12.27   -9.19905e-96
12.28   -5.81317e-96
12.29   -3.67196e-96
12.3   -2.31844e-96
12.31   -1.46322e-96
12.32   -9.23073e-97
12.33   -5.82073e-97
12.34   -3.66888e-97
12.35   -2.31155e-97
12.36   -1.45575e-97
12.37   -9.16401e-98
12.38   -5.76631e-98
12.39   -3.62682e-98
12.4   -2.28017e-98
12.41   -1.43292e-98
12.42   -9.00106e-99
12.43   -5.65169e-99
12.44   -3.54713e-99
12.45   -2.22531e-99
12.46   -1.39547e-99
12.47   -8.74707e-100
12.48   -5.4805e-100
12.49   -3.43236e-100
12.5   -2.14872e-100
12.51   -1.34456e-100
12.52   -8.41e-101
12.53   -5.25807e-101
12.54   -3.28603e-101
12.55   -2.05273e-101
12.56   -1.28176e-101
12.57   -8.00011e-102
12.58   -4.99114e-102
12.59   -3.11257e-102
12.6   -1.94023e-102
12.61   -1.20893e-102
12.62   -7.52948e-103
12.63   -4.68752e-103
12.64   -2.917e-103
12.65   -1.81445e-103
12.66   -1.12815e-103
12.67   -7.01141e-104
12.68   -4.3557e-104
12.69   -2.70474e-104
12.7   -1.67884e-104
12.71   -1.04161e-104
12.72   -6.45981e-105
12.73   -4.0045e-105
12.74   -2.48137e-105
12.75   -1.53691e-105
12.76   -9.51531e-106
12.77   -5.88859e-106
12.78   -3.64263e-106
12.79   -2.25234e-106
12.8   -1.39209e-106
12.81   -8.60037e-107
12.82   -5.31106e-107
12.83   -3.27839e-107
12.84   -2.02281e-107
12.85   -1.24757e-107
12.86   -7.69116e-108
12.87   -4.7395e-108
12.88   -2.91937e-108
12.89   -1.79747e-108
12.9   -1.10624e-108
12.91   -6.80534e-109
12.92   -4.18473e-109
12.93   -2.57218e-109
12.94   -1.58034e-109
12.95   -9.70542e-110
12.96   -5.95791e-110
12.97   -3.65586e-110
12.98   -2.24233e-110
12.99   -1.37476e-110
13   -8.42496e-111
13.01   -5.1609e-111
13.02   -3.16008e-111
13.03   -1.93414e-111
13.04   -1.18329e-111
13.05   -7.23621e-112
13.06   -4.42331e-112
13.07   -2.7027e-112
13.08   -1.65069e-112
13.09   -1.00774e-112
13.1   -6.1496e-113
13.11   -3.75112e-113
13.12   -2.28713e-113
13.13   -1.39392e-113
13.14   -8.49178e-114
13.15   -5.17102e-114
13.16   -3.14753e-114
13.17   -1.91504e-114
13.18   -1.16467e-114
13.19   -7.08019e-115
13.2   -4.30231e-115
13.21   -2.61321e-115
13.22   -1.58659e-115
13.23   -9.62871e-116
13.24   -5.84103e-116
13.25   -3.54182e-116
13.26   -2.14674e-116
13.27   -1.30061e-116
13.28   -7.87649e-117
13.29   -4.76797e-117
13.3   -2.88503e-117
13.31   -1.74495e-117
13.32   -1.05495e-117
13.33   -6.37527e-118
13.34   -3.85106e-118
13.35   -2.32529e-118
13.36   -1.40343e-118
13.37   -8.46685e-119
13.38   -5.10585e-119
13.39   -3.07773e-119
13.4   -1.85443e-119
13.41   -1.11688e-119
13.42   -6.72383e-120
13.43   -4.04617e-120
13.44   -2.43382e-120
13.45   -1.46335e-120
13.46   -8.79479e-121
13.47   -5.28346e-121
13.48   -3.17269e-121
13.49   -1.90438e-121
13.5   -1.14261e-121
13.51   -6.85259e-122
13.52   -4.108e-122
13.53   -2.46162e-122
13.54   -1.47445e-122
13.55   -8.82784e-123
13.56   -5.28318e-123
13.57   -3.16048e-123
13.58   -1.88985e-123
13.59   -1.12958e-123
13.6   -6.74879e-124
13.61   -4.03041e-124
13.62   -2.40597e-124
13.63   -1.43565e-124
13.64   -8.56291e-125
13.65   -5.10519e-125
13.66   -3.04242e-125
13.67   -1.81235e-125
13.68   -1.07915e-125
13.69   -6.42303e-126
13.7   -3.82133e-126
13.71   -2.27251e-126
13.72   -1.35087e-126
13.73   -8.02669e-127
13.74   -4.76735e-127
13.75   -2.83032e-127
13.76   -1.67962e-127
13.77   -9.96326e-128
13.78   -5.90758e-128
13.79   -3.50134e-128
13.8   -2.07432e-128
13.81   -1.22839e-128
13.82   -7.27129e-129
13.83   -4.30233e-129
13.84   -2.54457e-129
13.85   -1.50432e-129
13.86   -8.88964e-130
13.87   -5.25103e-130
13.88   -3.10043e-130
13.89   -1.82986e-130
13.9   -1.07951e-130
13.91   -6.36586e-131
13.92   -3.75234e-131
13.93   -2.21088e-131
13.94   -1.3021e-131
13.95   -7.66553e-132
13.96   -4.51083e-132
13.97   -2.65331e-132
13.98   -1.56004e-132
13.99   -9.16856e-133
14   -5.38622e-133
14.01   -3.16289e-133
14.02   -1.85652e-133
14.03   -1.08927e-133
14.04   -6.38831e-134
14.05   -3.74502e-134
14.06   -2.19453e-134
14.07   -1.28542e-134
14.08   -7.526e-135
14.09   -4.40455e-135
14.1   -2.57666e-135
14.11   -1.50671e-135
14.12   -8.80682e-136
14.13   -5.14548e-136
14.14   -3.00504e-136
14.15   -1.75425e-136
14.16   -1.02365e-136
14.17   -5.97073e-137
14.18   -3.48114e-137
14.19   -2.02877e-137
14.2   -1.18185e-137
14.21   -6.8819e-138
14.22   -4.00564e-138
14.23   -2.33052e-138
14.24   -1.35535e-138
14.25   -7.87895e-139
14.26   -4.57827e-139
14.27   -2.65921e-139
14.28   -1.54391e-139
14.29   -8.96001e-140
14.3   -5.19771e-140
14.31   -3.01394e-140
14.32   -1.74692e-140
14.33   -1.01211e-140
14.34   -5.86144e-141
14.35   -3.3931e-141
14.36   -1.96339e-141
14.37   -1.13562e-141
14.38   -6.56566e-142
14.39   -3.79438e-142
14.4   -2.1919e-142
14.41   -1.26567e-142
14.42   -7.30525e-143
14.43   -4.21472e-143
14.44   -2.43064e-143
14.45   -1.40117e-143
14.46   -8.07377e-144
14.47   -4.6503e-144
14.48   -2.67734e-144
14.49   -1.54079e-144
14.5   -8.86343e-145
14.51   -5.09657e-145
14.52   -2.92935e-145
14.53   -1.683e-145
14.54   -9.66525e-146
14.55   -5.54831e-146
14.56   -3.18366e-146
14.57   -1.82604e-146
14.58   -1.04691e-146
14.59   -5.9997e-147
14.6   -3.4369e-147
14.61   -1.96799e-147
14.62   -1.12641e-147
14.63   -6.44446e-148
14.64   -3.68549e-148
14.65   -2.1068e-148
14.66   -1.20384e-148
14.67   -6.87592e-149
14.68   -3.92565e-149
14.69   -2.24033e-149
14.7   -1.27799e-149
14.71   -7.28725e-150
14.72   -4.15353e-150
14.73   -2.36641e-150
14.74   -1.34766e-150
14.75   -7.67162e-151
14.76   -4.36529e-151
14.77   -2.48289e-151
14.78   -1.41163e-151
14.79   -8.02232e-152
14.8   -4.55721e-152
14.81   -2.58771e-152
14.82   -1.46876e-152
14.83   -8.33306e-153
14.84   -4.72581e-153
14.85   -2.67896e-153
14.86   -1.51801e-153
14.87   -8.59806e-154
14.88   -4.86794e-154
14.89   -2.75492e-154
14.9   -1.55844e-154
14.91   -8.8123e-155
14.92   -4.98089e-155
14.93   -2.81413e-155
14.94   -1.58927e-155
14.95   -8.97163e-156
14.96   -5.06248e-156
14.97   -2.85544e-156
14.98   -1.60991e-156
14.99   -9.07293e-157
15   -5.11108e-157
15.01   -2.87804e-157
15.02   -1.61994e-157
15.03   -9.1142e-158
15.04   -5.12575e-158
15.05   -2.88148e-158
15.06   -1.61916e-158
15.07   -9.09463e-159
15.08   -5.1062e-159
15.09   -2.86569e-159
15.1   -1.6076e-159
15.11   -9.01463e-160
15.12   -5.05283e-160
15.13   -2.831e-160
15.14   -1.58549e-160
15.15   -8.8758e-161
15.16   -4.96671e-161
15.17   -2.77811e-161
15.18   -1.55327e-161
15.19   -8.68089e-162
15.2   -4.84954e-162
15.21   -2.70804e-162
15.22   -1.51157e-162
15.23   -8.43374e-163
15.24   -4.7036e-163
15.25   -2.62216e-163
15.26   -1.46119e-163
15.27   -8.13906e-164
15.28   -4.53169e-164
15.29   -2.52211e-164
15.3   -1.40309e-164
15.31   -7.80241e-165
15.32   -4.337e-165
15.33   -2.40973e-165
15.34   -1.33834e-165
15.35   -7.4299e-166
15.36   -4.12305e-166
15.37   -2.28704e-166
15.38   -1.26808e-166
15.39   -7.02811e-167
15.4   -3.89358e-167
15.41   -2.15615e-167
15.42   -1.19352e-167
15.43   -6.60382e-168
15.44   -3.65243e-168
15.45   -2.01924e-168
15.46   -1.11586e-168
15.47   -6.16389e-169
15.48   -3.40343e-169
15.49   -1.87844e-169
15.5   -1.03633e-169
15.51   -5.71501e-170
15.52   -3.15032e-170
15.53   -1.73585e-170
15.54   -9.56067e-171
15.55   -5.2636e-171
15.56   -2.89666e-171
15.57   -1.59342e-171
15.58   -8.76158e-172
15.59   -4.81563e-172
15.6   -2.64572e-172
15.61   -1.45296e-172
15.62   -7.97593e-173
15.63   -4.37652e-173
15.64   -2.40046e-173
15.65   -1.31608e-173
15.66   -7.21249e-174
15.67   -3.95102e-174
15.68   -2.16348e-174
15.69   -1.18417e-174
15.7   -6.47882e-175
15.71   -3.5432e-175
15.72   -1.93694e-175
15.73   -1.05841e-175
15.74   -5.78113e-176
15.75   -3.15638e-176
15.76   -1.72261e-176
15.77   -9.39727e-177
15.78   -5.12432e-177
15.79   -2.79313e-177
15.8   -1.52182e-177
15.81   -8.28813e-178
15.82   -4.51199e-178
15.83   -2.45527e-178
15.84   -1.33552e-178
15.85   -7.26139e-179
15.86   -3.94647e-179
15.87   -2.14396e-179
15.88   -1.16425e-179
15.89   -6.31963e-180
15.9   -3.42892e-180
15.91   -1.8597e-180
15.92   -1.0082e-180
15.93   -5.46352e-181
15.94   -2.95949e-181
15.95   -1.60243e-181
15.96   -8.67286e-182
15.97   -4.69207e-182
15.98   -2.53738e-182
15.99   -1.3716e-182
16   -7.41117e-183
16.01   -4.00283e-183
16.02   -2.16105e-183
16.03   -1.16623e-183
16.04   -6.29104e-184
16.05   -3.39219e-184
16.06   -1.82834e-184
16.07   -9.8504e-185
16.08   -5.30481e-185
16.09   -2.85565e-185
16.1   -1.5366e-185
16.11   -8.26485e-186
16.12   -4.44354e-186
16.13   -2.38805e-186
16.14   -1.28285e-186
16.15   -6.88857e-187
16.16   -3.69744e-187
16.17   -1.98378e-187
16.18   -1.06391e-187
16.19   -5.70343e-188
16.2   -3.05624e-188
16.21   -1.63703e-188
16.22   -8.76492e-189
16.23   -4.69091e-189
16.24   -2.5095e-189
16.25   -1.34195e-189
16.26   -7.17306e-190
16.27   -3.83259e-190
16.28   -2.04692e-190
16.29   -1.09277e-190
16.3   -5.83144e-191
16.31   -3.11059e-191
16.32   -1.65856e-191
16.33   -8.83968e-192
16.34   -4.70937e-192
16.35   -2.50789e-192
16.36   -1.33498e-192
16.37   -7.1033e-193
16.38   -3.77803e-193
16.39   -2.00859e-193
16.4   -1.06742e-193
16.41   -5.67023e-194
16.42   -3.01082e-194
16.43   -1.59805e-194
16.44   -8.47839e-195
16.45   -4.49632e-195
16.46   -2.38353e-195
16.47   -1.263e-195
16.48   -6.68972e-196
16.49   -3.54186e-196
16.5   -1.87445e-196
16.51   -9.91602e-197
16.52   -5.24349e-197
16.53   -2.77155e-197
16.54   -1.46435e-197
16.55   -7.73372e-198
16.56   -4.08274e-198
16.57   -2.15444e-198
16.58   -1.13641e-198
16.59   -5.99182e-199
16.6   -3.15792e-199
16.61   -1.66365e-199
16.62   -8.76083e-200
16.63   -4.61156e-200
16.64   -2.42644e-200
16.65   -1.27618e-200
16.66   -6.70925e-201
16.67   -3.52579e-201
16.68   -1.85207e-201
16.69   -9.72479e-202
16.7   -5.10414e-202
16.71   -2.67784e-202
16.72   -1.40432e-202
16.73   -7.36155e-203
16.74   -3.85738e-203
16.75   -2.02039e-203
16.76   -1.05778e-203
16.77   -5.53579e-204
16.78   -2.89589e-204
16.79   -1.51428e-204
16.8   -7.91495e-205
16.81   -4.13534e-205
16.82   -2.1597e-205
16.83   -1.12745e-205
16.84   -5.8833e-206
16.85   -3.06877e-206
16.86   -1.60003e-206
16.87   -8.33897e-207
16.88   -4.34427e-207
16.89   -2.26225e-207
16.9   -1.17757e-207
16.91   -6.12702e-208
16.92   -3.18665e-208
16.93   -1.65668e-208
16.94   -8.60924e-209
16.95   -4.47209e-209
16.96   -2.32207e-209
16.97   -1.20521e-209
16.98   -6.2527e-210
16.99   -3.24261e-210
17   -1.6809e-210
17.01   -8.70979e-211
17.02   -4.51123e-211
17.03   -2.33562e-211
17.04   -1.20873e-211
17.05   -6.25286e-212
17.06   -3.23331e-212
17.07   -1.67123e-212
17.08   -8.63465e-213
17.09   -4.45937e-213
17.1   -2.3021e-213
17.11   -1.18794e-213
17.12   -6.12751e-214
17.13   -3.15933e-214
17.14   -1.62827e-214
17.15   -8.38836e-215
17.16   -4.31965e-215
17.17   -2.22352e-215
17.18   -1.14407e-215
17.19   -5.88419e-216
17.2   -3.0251e-216
17.21   -1.55458e-216
17.22   -7.98561e-217
17.23   -4.10037e-217
17.24   -2.10454e-217
17.25   -1.07973e-217
17.26   -5.53719e-218
17.27   -2.83848e-218
17.28   -1.45446e-218
17.29   -7.44972e-219
17.3   -3.81415e-219
17.31   -1.95198e-219
17.32   -9.98562e-220
17.33   -5.10616e-220
17.34   -2.60996e-220
17.35   -1.3335e-220
17.36   -6.81044e-221
17.37   -3.47678e-221
17.38   -1.77418e-221
17.39   -9.04984e-222
17.4   -4.61428e-222
17.41   -2.35173e-222
17.42   -1.1981e-222
17.43   -6.10122e-223
17.44   -3.10572e-223
17.45   -1.58026e-223
17.46   -8.03737e-224
17.47   -4.08621e-224
17.48   -2.07658e-224
17.49   -1.05486e-224
17.5   -5.35631e-225
17.51   -2.71866e-225
17.52   -1.37932e-225
17.53   -6.99513e-226
17.54   -3.54607e-226
17.55   -1.79688e-226
17.56   -9.10148e-227
17.57   -4.60814e-227
17.58   -2.33217e-227
17.59   -1.17982e-227
17.6   -5.96608e-228
17.61   -3.01568e-228
17.62   -1.52371e-228
17.63   -7.69555e-229
17.64   -3.88506e-229
17.65   -1.96054e-229
17.66   -9.88954e-230
17.67   -4.98651e-230
17.68   -2.51326e-230
17.69   -1.26619e-230
17.7   -6.3765e-231
17.71   -3.20985e-231
17.72   -1.61514e-231
17.73   -8.12371e-232
17.74   -4.08432e-232
17.75   -2.05261e-232
17.76   -1.03113e-232
17.77   -5.17775e-233
17.78   -2.5989e-233
17.79   -1.30395e-233
17.8   -6.53959e-234
17.81   -3.2784e-234
17.82   -1.64283e-234
17.83   -8.22899e-235
17.84   -4.12022e-235
17.85   -2.06212e-235
17.86   -1.03164e-235
17.87   -5.15901e-236
17.88   -2.57884e-236
17.89   -1.28855e-236
17.9   -6.43577e-237
17.91   -3.21307e-237
17.92   -1.60347e-237
17.93   -7.99876e-238
17.94   -3.98846e-238
17.95   -1.98796e-238
17.96   -9.90451e-239
17.97   -4.93262e-239
17.98   -2.45552e-239
17.99   -1.22189e-239
18   -6.0777e-240
18.01   -3.02182e-240
18.02   -1.50182e-240
18.03   -7.46086e-241
18.04   -3.70494e-241
18.05   -1.83905e-241
18.06   -9.12489e-242
18.07   -4.52566e-242
18.08   -2.24367e-242
18.09   -1.11187e-242
18.1   -5.50773e-243
18.11   -2.72717e-243
18.12   -1.34981e-243
18.13   -6.67809e-244
18.14   -3.30258e-244
18.15   -1.63259e-244
18.16   -8.06716e-245
18.17   -3.98461e-245
18.18   -1.96731e-245
18.19   -9.7091e-246
18.2   -4.78969e-246
18.21   -2.36187e-246
18.22   -1.1642e-246
18.23   -5.73611e-247
18.24   -2.82508e-247
18.25   -1.3908e-247
18.26   -6.84413e-248
18.27   -3.36662e-248
18.28   -1.65535e-248
18.29   -8.13596e-249
18.3   -3.99713e-249
18.31   -1.96295e-249
18.32   -9.63584e-250
18.33   -4.72816e-250
18.34   -2.31908e-250
18.35   -1.137e-250
18.36   -5.5722e-251
18.37   -2.72969e-251
18.38   -1.33666e-251
18.39   -6.54262e-252
18.4   -3.20112e-252
18.41   -1.56558e-252
18.42   -7.65362e-253
18.43   -3.74008e-253
18.44   -1.82691e-253
18.45   -8.92017e-254
18.46   -4.35363e-254
18.47   -2.12398e-254
18.48   -1.03579e-254
18.49   -5.04908e-255
18.5   -2.46023e-255
18.51   -1.19828e-255
18.52   -5.83397e-256
18.53   -2.83917e-256
18.54   -1.38114e-256
18.55   -6.71595e-257
18.56   -3.26436e-257
18.57   -1.58602e-257
18.58   -7.70269e-258
18.59   -3.73935e-258
18.6   -1.81456e-258
18.61   -8.80174e-259
18.62   -4.26763e-259
18.63   -2.06836e-259
18.64   -1.00204e-259
18.65   -4.85254e-260
18.66   -2.34894e-260
18.67   -1.13657e-260
18.68   -5.49722e-261
18.69   -2.65773e-261
18.7   -1.2844e-261
18.71   -6.20453e-262
18.72   -2.99599e-262
18.73   -1.44608e-262
18.74   -6.97698e-263
18.75   -3.36483e-263
18.76   -1.62211e-263
18.77   -7.81661e-264
18.78   -3.76512e-264
18.79   -1.81284e-264
18.8   -8.72493e-265
18.81   -4.19745e-265
18.82   -2.01851e-265
18.83   -9.70282e-266
18.84   -4.66215e-266
18.85   -2.23922e-266
18.86   -1.07505e-266
18.87   -5.15917e-267
18.88   -2.47488e-267
18.89   -1.18672e-267
18.9   -5.68808e-268
18.91   -2.72524e-268
18.92   -1.30516e-268
18.93   -6.24806e-269
18.94   -2.98984e-269
18.95   -1.43012e-269
18.96   -6.83783e-270
18.97   -3.26802e-270
18.98   -1.56126e-270
18.99   -7.45563e-271
19   -3.5589e-271
19.01   -1.69812e-271
19.02   -8.09924e-272
19.03   -3.86136e-272
19.04   -1.84017e-272
19.05   -8.76593e-273
19.06   -4.17406e-273
19.07   -1.98674e-273
19.08   -9.45247e-274
19.09   -4.49543e-274
19.1   -2.13707e-274
19.11   -1.01552e-274
19.12   -4.82367e-275
19.13   -2.29028e-275
19.14   -1.08698e-275
19.15   -5.15677e-276
19.16   -2.4454e-276
19.17   -1.15917e-276
19.18   -5.49291e-277
19.19   -2.6017e-277
19.2   -1.23164e-277
19.21   -5.83012e-278
19.22   -2.76146e-278
19.23   -1.30155e-278
19.24   -6.12022e-279
19.25   -2.95472e-279
19.26   -1.42189e-279
19.27   -6.38265e-280
19.28   -3.5517e-280
19.29   -1.20778e-280
19.3   -1.23213e-280
19.31   -0
19.32   -0
19.33   -0
19.34   -0
19.35   -0
19.36   -0
19.37   -0
19.38   -0
19.39   -0
19.4   -0
19.41   -0
19.42   -0
19.43   -0
19.44   -0
19.45   -0
19.46   -0
19.47   -0
19.48   -0
19.49   -0
19.5   -0
19.51   -0
19.52   -0
19.53   -0
19.54   -0
19.55   -0
19.56   -0
19.57   -0
19.58   -0
19.59   -0
19.6   -0
19.61   -0
19.62   -0
19.63   -0
19.64   -0
19.65   -0
19.66   -0
19.67   -0
19.68   -0
19.69   -0
19.7   -0
19.71   -0
19.72   -0
19.73   -0
19.74   -0
19.75   -0
19.76   -0
19.77   -0
19.78   -0
19.79   -0
19.8   -0
19.81   -0
19.82   -0
19.83   -0
19.84   -0
19.85   -0
19.86   -0
19.87   -0
19.88   -0
19.89   -0
19.9   -0
19.91   -0
19.92   -0
19.93   -0
19.94   -0
19.95   -0
19.96   -0
19.97   -0
19.98   -0
19.99   -0
20   -0
20.01   -0
20.02   -0
20.03   -0
20.04   -0
20.05   -0
20.06   -0
20.07   -0
20.08   -0
20.09   -0
20.1   -0
20.11   -0
20.12   -0
20.13   -0
20.14   -0
20.15   -0
20.16   -0
20.17   -0
20.18   -0
20.19   -0
20.2   -0
20.21   -0
20.22   -0
20.23   -0
20.24   -0
20.25   -0
20.26   -0
20.27   -0
20.28   -0
20.29   -0
20.3   -0
20.31   -0
20.32   -0
20.33   -0
20.34   -0
20.35   -0
20.36   -0
20.37   -0
20.38   -0
20.39   -0
20.4   -0
20.41   -0
20.42   -0
20.43   -0
20.44   -0
20.45   -0
20.46   -0
20.47   -0
20.48   -0
20.49   -0
20.5   -0
20.51   -0
20.52   -0
20.53   -0
20.54   -0
20.55   -0
20.56   -0
20.57   -0
20.58   -0
20.59   -0
20.6   -0
20.61   -0
20.62   -0
20.63   -0
20.64   -0
20.65   -0
20.66   -0
20.67   -0
20.68   -0
20.69   -0
20.7   -0
20.71   -0
20.72   -0
20.73   -0
20.74   -0
20.75   -0
20.76   -0
20.77   -0
20.78   -0
20.79   -0
20.8   -0
20.81   -0
20.82   -0
20.83   -0
20.84   -0
20.85   -0
20.86   -0
20.87   -0
20.88   -0
20.89   -0
20.9   -0
20.91   -0
20.92   -0
20.93   -0
20.94   -0
20.95   -0
20.96   -0
20.97   -0
20.98   -0
20.99   -0
21   -0
21.01   -0
21.02   -0
21.03   -0
21.04   -0
21.05   -0
21.06   -0
21.07   -0
21.08   -0
21.09   -0
21.1   -0
21.11   -0
21.12   -0
21.13   -0
21.14   -0
21.15   -0
21.16   -0
21.17   -0
21.18   -0
21.19   -0
21.2   -0
21.21   -0
21.22   -0
21.23   -0
21.24   -0
21.25   -0
21.26   -0
21.27   -0
21.28   -0
21.29   -0
21.3   -0
21.31   -0
21.32   -0
21.33   -0
21.34   -0
21.35   -0
21.36   -0
21.37   -0
21.38   -0
21.39   -0
21.4   -0
21.41   -0
21.42   -0
21.43   -0
21.44   -0
21.45   -0
21.46   -0
21.47   -0
21.48   -0
21.49   -0
21.5   -0
21.51   -0
21.52   -0
21.53   -0
21.54   -0
21.55   -0
21.56   -0
21.57   -0
21.58   -0
21.59   -0
21.6   -0
21.61   -0
21.62   -0
21.63   -0
21.64   -0
21.65   -0
21.66   -0
21.67   -0
21.68   -0
21.69   -0
21.7   -0
21.71   -0
21.72   -0
21.73   -0
21.74   -0
21.75   -0
21.76   -0
21.77   -0
21.78   -0
21.79   -0
21.8   -0
21.81   -0
21.82   -0
21.83   -0
21.84   -0
21.85   -0
21.86   -0
21.87   -0
21.88   -0
21.89   -0
21.9   -0
21.91   -0
21.92   -0
21.93   -0
21.94   -0
21.95   -0
21.96   -0
21.97   -0
21.98   -0
21.99   -0
22   -0
22.01   -0
22.02   -0
22.03   -0
22.04   -0
22.05   -0
22.06   -0
22.07   -0
22.08   -0
22.09   -0
22.1   -0
22.11   -0
22.12   -0
22.13   -0
22.14   -0
22.15   -0
22.16   -0
22.17   -0
22.18   -0
22.19   -0
22.2   -0
22.21   -0
22.22   -0
22.23   -0
22.24   -0
22.25   -0
22.26   -0
22.27   -0
22.28   -0
22.29   -0
22.3   -0
22.31   -0
22.32   -0
22.33   -0
22.34   -0
22.35   -0
22.36   -0
22.37   -0
22.38   -0
22.39   -0
22.4   -0
22.41   -0
22.42   -0
22.43   -0
22.44   -0
22.45   -0
22.46   -0
22.47   -0
22.48   -0
22.49   -0
22.5   -0
22.51   -0
22.52   -0
22.53   -0
22.54   -0
22.55   -0
22.56   -0
22.57   -0
22.58   -0
22.59   -0
22.6   -0
22.61   -0
22.62   -0
22.63   -0
22.64   -0
22.65   -0
22.66   -0
22.67   -0
22.68   -0
22.69   -0
22.7   -0
22.71   -0
22.72   -0
22.73   -0
22.74   -0
22.75   -0
22.76   -0
22.77   -0
22.78   -0
22.79   -0
22.8   -0
22.81   -0
22.82   -0
22.83   -0
22.84   -0
22.85   -0
22.86   -0
22.87   -0
22.88   -0
22.89   -0
22.9   -0
22.91   -0
22.92   -0
22.93   -0
22.94   -0
22.95   -0
22.96   -0
22.97   -0
22.98   -0
22.99   -0
23   -0
23.01   -0
23.02   -0
23.03   -0
23.04   -0
23.05   -0
23.06   -0
23.07   -0
23.08   -0
23.09   -0
23.1   -0
23.11   -0
23.12   -0
23.13   -0
23.14   -0
23.15   -0
23.16   -0
23.17   -0
23.18   -0
23.19   -0
23.2   -0
23.21   -0
23.22   -0
23.23   -0
23.24   -0
23.25   -0
23.26   -0
23.27   -0
23.28   -0
23.29   -0
23.3   -0
23.31   -0
23.32   -0
23.33   -0
23.34   -0
23.35   -0
23.36   -0
23.37   -0
23.38   -0
23.39   -0
23.4   -0
23.41   -0
23.42   -0
23.43   -0
23.44   -0
23.45   -0
23.46   -0
23.47   -0
23.48   -0
23.49   -0
23.5   -0
23.51   -0
23.52   -0
23.53   -0
23.54   -0
23.55   -0
23.56   -0
23.57   -0
23.58   -0
23.59   -0
23.6   -0
23.61   -0
23.62   -0
23.63   -0
23.64   -0
23.65   -0
23.66   -0
23.67   -0
23.68   -0
23.69   -0
23.7   -0
23.71   -0
23.72   -0
23.73   -0
23.74   -0
23.75   -0
23.76   -0
23.77   -0
23.78   -0
23.79   -0
23.8   -0
23.81   -0
23.82   -0
23.83   -0
23.84   -0
23.85   -0
23.86   -0
23.87   -0
23.88   -0
23.89   -0
23.9   -0
23.91   -0
23.92   -0
23.93   -0
23.94   -0
23.95   -0
23.96   -0
23.97   -0
23.98   -0
23.99   -0
24   -0
24.01   -0
24.02   -0
24.03   -0
24.04   -0
24.05   -0
24.06   -0
24.07   -0
24.08   -0
24.09   -0
24.1   -0
24.11   -0
24.12   -0
24.13   -0
24.14   -0
24.15   -0
24.16   -0
24.17   -0
24.18   -0
24.19   -0
24.2   -0
24.21   -0
24.22   -0
24.23   -0
24.24   -0
24.25   -0
24.26   -0
24.27   -0
24.28   -0
24.29   -0
24.3   -0
24.31   -0
24.32   -0
24.33   -0
24.34   -0
24.35   -0
24.36   -0
24.37   -0
24.38   -0
24.39   -0
24.4   -0
24.41   -0
24.42   -0
24.43   -0
24.44   -0
24.45   -0
24.46   -0
24.47   -0
24.48   -0
24.49   -0
24.5   -0
24.51   -0
24.52   -0
24.53   -0
24.54   -0
24.55   -0
24.56   -0
24.57   -0
24.58   -0
24.59   -0
24.6   -0
24.61   -0
24.62   -0
24.63   -0
24.64   -0
24.65   -0
24.66   -0
24.67   -0
24.68   -0
24.69   -0
24.7   -0
24.71   -0
24.72   -0
24.73   -0
24.74   -0
24.75   -0
24.76   -0
24.77   -0
24.78   -0
24.79   -0
24.8   -0
24.81   -0
24.82   -0
24.83   -0
24.84   -0
24.85   -0
24.86   -0
24.87   -0
24.88   -0
24.89   -0
24.9   -0
24.91   -0
24.92   -0
24.93   -0
24.94   -0
24.95   -0
24.96   -0
24.97   -0
24.98   -0
24.99   -0
25   -0
25.01   -0
25.02   -0
25.03   -0
25.04   -0
25.05   -0
25.06   -0
25.07   -0
25.08   -0
25.09   -0
25.1   -0
25.11   -0
25.12   -0
25.13   -0
25.14   -0
25.15   -0
25.16   -0
25.17   -0
25.18   -0
25.19   -0
25.2   -0
25.21   -0
25.22   -0
25.23   -0
25.24   -0
25.25   -0
25.26   -0
25.27   -0
25.28   -0
25.29   -0
25.3   -0
25.31   -0
25.32   -0
25.33   -0
25.34   -0
25.35   -0
25.36   -0
25.37   -0
25.38   -0
25.39   -0
25.4   -0
25.41   -0
25.42   -0
25.43   -0
25.44   -0
25.45   -0
25.46   -0
25.47   -0
25.48   -0
25.49   -0
25.5   -0
25.51   -0
25.52   -0
25.53   -0
25.54   -0
25.55   -0
25.56   -0
25.57   -0
25.58   -0
25.59   -0
25.6   -0
25.61   -0
25.62   -0
25.63   -0
25.64   -0
25.65   -0
25.66   -0
25.67   -0
25.68   -0
25.69   -0
25.7   -0
25.71   -0
25.72   -0
25.73   -0
25.74   -0
25.75   -0
25.76   -0
25.77   -0
25.78   -0
25.79   -0
25.8   -0
25.81   -0
25.82   -0
25.83   -0
25.84   -0
25.85   -0
25.86   -0
25.87   -0
25.88   -0
25.89   -0
25.9   -0
25.91   -0
25.92   -0
25.93   -0
25.94   -0
25.95   -0
25.96   -0
25.97   -0
25.98   -0
25.99   -0
26   -0
26.01   -0
26.02   -0
26.03   -0
26.04   -0
26.05   -0
26.06   -0
26.07   -0
26.08   -0
26.09   -0
26.1   -0
26.11   -0
26.12   -0
26.13   -0
26.14   -0
26.15   -0
26.16   -0
26.17   -0
26.18   -0
26.19   -0
26.2   -0
26.21   -0
26.22   -0
26.23   -0
26.24   -0
26.25   -0
26.26   -0
26.27   -0
26.28   -0
26.29   -0
26.3   -0
26.31   -0
26.32   -0
26.33   -0
26.34   -0
26.35   -0
26.36   -0
26.37   -0
26.38   -0
26.39   -0
26.4   -0
26.41   -0
26.42   -0
26.43   -0
26.44   -0
26.45   -0
26.46   -0
26.47   -0
26.48   -0
26.49   -0
26.5   -0
26.51   -0
26.52   -0
26.53   -0
26.54   -0
26.55   -0
26.56   -0
26.57   -0
26.58   -0
26.59   -0
26.6   -0
26.61   -0
26.62   -0
26.63   -0
26.64   -0
26.65   -0
26.66   -0
26.67   -0
26.68   -0
26.69   -0
26.7   -0
26.71   -0
26.72   -0
26.73   -0
26.74   -0
26.75   -0
26.76   -0
26.77   -0
26.78   -0
26.79   -0
26.8   -0
26.81   -0
26.82   -0
26.83   -0
26.84   -0
26.85   -0
26.86   -0
26.87   -0
26.88   -0
26.89   -0
26.9   -0
26.91   -0
26.92   -0
26.93   -0
26.94   -0
26.95   -0
26.96   -0
26.97   -0
26.98   -0
26.99   -0
27   -0
27.01   -0
27.02   -0
27.03   -0
27.04   -0
27.05   -0
27.06   -0
27.07   -0
27.08   -0
27.09   -0
27.1   -0
27.11   -0
27.12   -0
27.13   -0
27.14   -0
27.15   -0
27.16   -0
27.17   -0
27.18   -0
27.19   -0
27.2   -0
27.21   -0
27.22   -0
27.23   -0
27.24   -0
27.25   -0
27.26   -0
27.27   -0
27.28   -0
27.29   -0
27.3   -0
27.31   -0
27.32   -0
27.33   -0
27.34   -0
27.35   -0
27.36   -0
27.37   -0
27.38   -0
27.39   -0
27.4   -0
27.41   -0
27.42   -0
27.43   -0
27.44   -0
27.45   -0
27.46   -0
27.47   -0
27.48   -0
27.49   -0
27.5   -0
27.51   -0
27.52   -0
27.53   -0
27.54   -0
27.55   -0
27.56   -0
27.57   -0
27.58   -0
27.59   -0
27.6   -0
27.61   -0
27.62   -0
27.63   -0
27.64   -0
27.65   -0
27.66   -0
27.67   -0
27.68   -0
27.69   -0
27.7   -0
27.71   -0
27.72   -0
27.73   -0
27.74   -0
27.75   -0
27.76   -0
27.77   -0
27.78   -0
27.79   -0
27.8   -0
27.81   -0
27.82   -0
27.83   -0
27.84   -0
27.85   -0
27.86   -0
27.87   -0
27.88   -0
27.89   -0
27.9   -0
27.91   -0
27.92   -0
27.93   -0
27.94   -0
27.95   -0
27.96   -0
27.97   -0
27.98   -0
27.99   -0
28   -0
28.01   -0
28.02   -0
28.03   -0
28.04   -0
28.05   -0
28.06   -0
28.07   -0
28.08   -0
28.09   -0
28.1   -0
28.11   -0
28.12   -0
28.13   -0
28.14   -0
28.15   -0
28.16   -0
28.17   -0
28.18   -0
28.19   -0
28.2   -0
28.21   -0
28.22   -0
28.23   -0
28.24   -0
28.25   -0
28.26   -0
28.27   -0
28.28   -0
28.29   -0
28.3   -0
28.31   -0
28.32   -0
28.33   -0
28.34   -0
28.35   -0
28.36   -0
28.37   -0
28.38   -0
28.39   -0
28.4   -0
28.41   -0
28.42   -0
28.43   -0
28.44   -0
28.45   -0
28.46   -0
28.47   -0
28.48   -0
28.49   -0
28.5   -0
28.51   -0
28.52   -0
28.53   -0
28.54   -0
28.55   -0
28.56   -0
28.57   -0
28.58   -0
28.59   -0
28.6   -0
28.61   -0
28.62   -0
28.63   -0
28.64   -0
28.65   -0
28.66   -0
28.67   -0
28.68   -0
28.69   -0
28.7   -0
28.71   -0
28.72   -0
28.73   -0
28.74   -0
28.75   -0
28.76   -0
28.77   -0
28.78   -0
28.79   -0
28.8   -0
28.81   -0
28.82   -0
28.83   -0
28.84   -0
28.85   -0
28.86   -0
28.87   -0
28.88   -0
28.89   -0
28.9   -0
28.91   -0
28.92   -0
28.93   -0
28.94   -0
28.95   -0
28.96   -0
28.97   -0
28.98   -0
28.99   -0
29   -0
29.01   -0
29.02   -0
29.03   -0
29.04   -0
29.05   -0
29.06   -0
29.07   -0
29.08   -0
29.09   -0
29.1   -0
29.11   -0
29.12   -0
29.13   -0
29.14   -0
29.15   -0
29.16   -0
29.17   -0
29.18   -0
29.19   -0
29.2   -0
29.21   -0
29.22   -0
29.23   -0
29.24   -0
29.25   -0
29.26   -0
29.27   -0
29.28   -0
29.29   -0
29.3   -0
29.31   -0
29.32   -0
29.33   -0
29.34   -0
29.35   -0
29.36   -0
29.37   -0
29.38   -0
29.39   -0
29.4   -0
29.41   -0
29.42   -0
29.43   -0
29.44   -0
29.45   -0
29.46   -0
29.47   -0
29.48   -0
29.49   -0
29.5   -0
29.51   -0
29.52   -0
29.53   -0
29.54   -0
29.55   -0
29.56   -0
29.57   -0
29.58   -0
29.59   -0
29.6   -0
29.61   -0
29.62   -0
29.63   -0
29.64   -0
29.65   -0
29.66   -0
29.67   -0
29.68   -0
29.69   -0
29.7   -0
29.71   -0
29.72   -0
29.73   -0
29.74   -0
29.75   -0
29.76   -0
29.77   -0
29.78   -0
29.79   -0
29.8   -0
29.81   -0
29.82   -0
29.83   -0
29.84   -0
29.85   -0
29.86   -0
29.87   -0
29.88   -0
29.89   -0
29.9   -0
29.91   -0
29.92   -0
29.93   -0
29.94   -0
29.95   -0
29.96   -0
29.97   -0
29.98   -0
29.99   -0
30   -0
30.01   -0
30.02   -0
30.03   -0
30.04   -0
30.05   -0
30.06   -0
30.07   -0
30.08   -0
30.09   -0
30.1   -0
30.11   -0
30.12   -0
30.13   -0
30.14   -0
30.15   -0
30.16   -0
30.17   -0
30.18   -0
30.19   -0
30.2   -0
30.21   -0
30.22   -0
30.23   -0
30.24   -0
30.25   -0
30.26   -0
30.27   -0
30.28   -0
30.29   -0
30.3   -0
30.31   -0
30.32   -0
30.33   -0
30.34   -0
30.35   -0
30.36   -0
30.37   -0
30.38   -0
30.39   -0
30.4   -0
30.41   -0
30.42   -0
30.43   -0
30.44   -0
30.45   -0
30.46   -0
30.47   -0
30.48   -0
30.49   -0
30.5   -0
30.51   -0
30.52   -0
30.53   -0
30.54   -0
30.55   -0
30.56   -0
30.57   -0
30.58   -0
30.59   -0
30.6   -0
30.61   -0
30.62   -0
30.63   -0
30.64   -0
30.65   -0
30.66   -0
30.67   -0
30.68   -0
30.69   -0
30.7   -0
30.71   -0
30.72   -0
30.73   -0
30.74   -0
30.75   -0
30.76   -0
30.77   -0
30.78   -0
30.79   -0
30.8   -0
30.81   -0
30.82   -0
30.83   -0
30.84   -0
30.85   -0
30.86   -0
30.87   -0
30.88   -0
30.89   -0
30.9   -0
30.91   -0
30.92   -0
30.93   -0
30.94   -0
30.95   -0
30.96   -0
30.97   -0
30.98   -0
30.99   -0
31   -0
31.01   -0
31.02   -0
31.03   -0
31.04   -0
31.05   -0
31.06   -0
31.07   -0
31.08   -0
31.09   -0
31.1   -0
31.11   -0
31.12   -0
31.13   -0
31.14   -0
31.15   -0
31.16   -0
31.17   -0
31.18   -0
31.19   -0
31.2   -0
31.21   -0
31.22   -0
31.23   -0
31.24   -0
31.25   -0
31.26   -0
31.27   -0
31.28   -0
31.29   -0
31.3   -0
31.31   -0
31.32   -0
31.33   -0
31.34   -0
31.35   -0
31.36   -0
31.37   -0
31.38   -0
31.39   -0
31.4   -0
31.41   -0
31.42   -0
31.43   -0
31.44   -0
31.45   -0
31.46   -0
31.47   -0
31.48   -0
31.49   -0
31.5   -0
31.51   -0
31.52   -0
31.53   -0
31.54   -0
31.55   -0
31.56   -0
31.57   -0
31.58   -0
31.59   -0
31.6   -0
31.61   -0
31.62   -0
31.63   -0
31.64   -0
31.65   -0
31.66   -0
31.67   -0
31.68   -0
31.69   -0
31.7   -0
31.71   -0
31.72   -0
31.73   -0
31.74   -0
31.75   -0
31.76   -0
31.77   -0
31.78   -0
31.79   -0
31.8   -0
31.81   -0
31.82   -0
31.83   -0
31.84   -0
31.85   -0
31.86   -0
31.87   -0
31.88   -0
31.89   -0
31.9   -0
31.91   -0
31.92   -0
31.93   -0
31.94   -0
31.95   -0
31.96   -0
31.97   -0
31.98   -0
31.99   -0
32   -0
32.01   -0
32.02   -0
32.03   -0
32.04   -0
32.05   -0
32.06   -0
32.07   -0
32.08   -0
32.09   -0
32.1   -0
32.11   -0
32.12   -0
32.13   -0
32.14   -0
32.15   -0
32.16   -0
32.17   -0
32.18   -0
32.19   -0
32.2   -0
32.21   -0
32.22   -0
32.23   -0
32.24   -0
32.25   -0
32.26   -0
32.27   -0
32.28   -0
32.29   -0
32.3   -0
32.31   -0
32.32   -0
32.33   -0
32.34   -0
32.35   -0
32.36   -0
32.37   -0
32.38   -0
32.39   -0
32.4   -0
32.41   -0
32.42   -0
32.43   -0
32.44   -0
32.45   -0
32.46   -0
32.47   -0
32.48   -0
32.49   -0
32.5   -0
32.51   -0
32.52   -0
32.53   -0
32.54   -0
32.55   -0
32.56   -0
32.57   -0
32.58   -0
32.59   -0
32.6   -0
32.61   -0
32.62   -0
32.63   -0
32.64   -0
32.65   -0
32.66   -0
32.67   -0
32.68   -0
32.69   -0
32.7   -0
32.71   -0
32.72   -0
32.73   -0
32.74   -0
32.75   -0
32.76   -0
32.77   -0
32.78   -0
32.79   -0
32.8   -0
32.81   -0
32.82   -0
32.83   -0
32.84   -0
32.85   -0
32.86   -0
32.87   -0
32.88   -0
32.89   -0
32.9   -0
32.91   -0
32.92   -0
32.93   -0
32.94   -0
32.95   -0
32.96   -0
32.97   -0
32.98   -0
32.99   -0
33   -0
33.01   -0
33.02   -0
33.03   -0
33.04   -0
33.05   -0
33.06   -0
33.07   -0
33.08   -0
33.09   -0
33.1   -0
33.11   -0
33.12   -0
33.13   -0
33.14   -0
33.15   -0
33.16   -0
33.17   -0
33.18   -0
33.19   -0
33.2   -0
33.21   -0
33.22   -0
33.23   -0
33.24   -0
33.25   -0
33.26   -0
33.27   -0
33.28   -0
33.29   -0
33.3   -0
33.31   -0
33.32   -0
33.33   -0
33.34   -0
33.35   -0
33.36   -0
33.37   -0
33.38   -0
33.39   -0
33.4   -0
33.41   -0
33.42   -0
33.43   -0
33.44   -0
33.45   -0
33.46   -0
33.47   -0
33.48   -0
33.49   -0
33.5   -0
33.51   -0
33.52   -0
33.53   -0
33.54   -0
33.55   -0
33.56   -0
33.57   -0
33.58   -0
33.59   -0
33.6   -0
33.61   -0
33.62   -0
33.63   -0
33.64   -0
33.65   -0
33.66   -0
33.67   -0
33.68   -0
33.69   -0
33.7   -0
33.71   -0
33.72   -0
33.73   -0
33.74   -0
33.75   -0
33.76   -0
33.77   -0
33.78   -0
33.79   -0
33.8   -0
33.81   -0
33.82   -0
33.83   -0
33.84   -0
33.85   -0
33.86   -0
33.87   -0
33.88   -0
33.89   -0
33.9   -0
33.91   -0
33.92   -0
33.93   -0
33.94   -0
33.95   -0
33.96   -0
33.97   -0
33.98   -0
33.99   -0
34   -0
34.01   -0
34.02   -0
34.03   -0
34.04   -0
34.05   -0
34.06   -0
34.07   -0
34.08   -0
34.09   -0
34.1   -0
34.11   -0
34.12   -0
34.13   -0
34.14   -0
34.15   -0
34.16   -0
34.17   -0
34.18   -0
34.19   -0
34.2   -0
34.21   -0
34.22   -0
34.23   -0
34.24   -0
34.25   -0
34.26   -0
34.27   -0
34.28   -0
34.29   -0
34.3   -0
34.31   -0
34.32   -0
34.33   -0
34.34   -0
34.35   -0
34.36   -0
34.37   -0
34.38   -0
34.39   -0
34.4   -0
34.41   -0
34.42   -0
34.43   -0
34.44   -0
34.45   -0
34.46   -0
34.47   -0
34.48   -0
34.49   -0
34.5   -0
34.51   -0
34.52   -0
34.53   -0
34.54   -0
34.55   -0
34.56   -0
34.57   -0
34.58   -0
34.59   -0
34.6   -0
34.61   -0
34.62   -0
34.63   -0
34.64   -0
34.65   -0
34.66   -0
34.67   -0
34.68   -0
34.69   -0
34.7   -0
34.71   -0
34.72   -0
34.73   -0
34.74   -0
34.75   -0
34.76   -0
34.77   -0
34.78   -0
34.79   -0
34.8   -0
34.81   -0
34.82   -0
34.83   -0
34.84   -0
34.85   -0
34.86   -0
34.87   -0
34.88   -0
34.89   -0
34.9   -0
34.91   -0
34.92   -0
34.93   -0
34.94   -0
34.95   -0
34.96   -0
34.97   -0
34.98   -0
34.99   -0
35   -0
35.01   -0
35.02   -0
35.03   -0
35.04   -0
35.05   -0
35.06   -0
35.07   -0
35.08   -0
35.09   -0
35.1   -0
35.11   -0
35.12   -0
35.13   -0
35.14   -0
35.15   -0
35.16   -0
35.17   -0
35.18   -0
35.19   -0
35.2   -0
35.21   -0
35.22   -0
35.23   -0
35.24   -0
35.25   -0
35.26   -0
35.27   -0
35.28   -0
35.29   -0
35.3   -0
35.31   -0
35.32   -0
35.33   -0
35.34   -0
35.35   -0
35.36   -0
35.37   -0
35.38   -0
35.39   -0
35.4   -0
35.41   -0
35.42   -0
35.43   -0
35.44   -0
35.45   -0
35.46   -0
35.47   -0
35.48   -0
35.49   -0
35.5   -0
35.51   -0
35.52   -0
35.53   -0
35.54   -0
35.55   -0
35.56   -0
35.57   -0
35.58   -0
35.59   -0
35.6   -0
35.61   -0
35.62   -0
35.63   -0
35.64   -0
35.65   -0
35.66   -0
35.67   -0
35.68   -0
35.69   -0
35.7   -0
35.71   -0
35.72   -0
35.73   -0
35.74   -0
35.75   -0
35.76   -0
35.77   -0
35.78   -0
35.79   -0
35.8   -0
35.81   -0
35.82   -0
35.83   -0
35.84   -0
35.85   -0
35.86   -0
35.87   -0
35.88   -0
35.89   -0
35.9   -0
35.91   -0
35.92   -0
35.93   -0
35.94   -0
35.95   -0
35.96   -0
35.97   -0
35.98   -0
35.99   -0
36   -0
36.01   -0
36.02   -0
36.03   -0
36.04   -0
36.05   -0
36.06   -0
36.07   -0
36.08   -0
36.09   -0
36.1   -0
36.11   -0
36.12   -0
36.13   -0
36.14   -0
36.15   -0
36.16   -0
36.17   -0
36.18   -0
36.19   -0
36.2   -0
36.21   -0
36.22   -0
36.23   -0
36.24   -0
36.25   -0
36.26   -0
36.27   -0
36.28   -0
36.29   -0
36.3   -0
36.31   -0
36.32   -0
36.33   -0
36.34   -0
36.35   -0
36.36   -0
36.37   -0
36.38   -0
36.39   -0
36.4   -0
36.41   -0
36.42   -0
36.43   -0
36.44   -0
36.45   -0
36.46   -0
36.47   -0
36.48   -0
36.49   -0
36.5   -0
36.51   -0
36.52   -0
36.53   -0
36.54   -0
36.55   -0
36.56   -0
36.57   -0
36.58   -0
36.59   -0
36.6   -0
36.61   -0
36.62   -0
36.63   -0
36.64   -0
36.65   -0
36.66   -0
36.67   -0
36.68   -0
36.69   -0
36.7   -0
36.71   -0
36.72   -0
36.73   -0
36.74   -0
36.75   -0
36.76   -0
36.77   -0
36.78   -0
36.79   -0
36.8   -0
36.81   -0
36.82   -0
36.83   -0
36.84   -0
36.85   -0
36.86   -0
36.87   -0
36.88   -0
36.89   -0
36.9   -0
36.91   -0
36.92   -0
36.93   -0
36.94   -0
36.95   -0
36.96   -0
36.97   -0
36.98   -0
36.99   -0
37   -0
37.01   -0
37.02   -0
37.03   -0
37.04   -0
37.05   -0
37.06   -0
37.07   -0
37.08   -0
37.09   -0
37.1   -0
37.11   -0
37.12   -0
37.13   -0
37.14   -0
37.15   -0
37.16   -0
37.17   -0
37.18   -0
37.19   -0
37.2   -0
37.21   -0
37.22   -0
37.23   -0
37.24   -0
37.25   -0
37.26   -0
37.27   -0
37.28   -0
37.29   -0
37.3   -0
37.31   -0
37.32   -0
37.33   -0
37.34   -0
37.35   -0
37.36   -0
37.37   -0
37.38   -0
37.39   -0
37.4   -0
37.41   -0
37.42   -0
37.43   -0
37.44   -0
37.45   -0
37.46   -0
37.47   -0
37.48   -0
37.49   -0
37.5   -0
37.51   -0
37.52   -0
37.53   -0
37.54   -0
37.55   -0
37.56   -0
37.57   -0
37.58   -0
37.59   -0
37.6   -0
37.61   -0
37.62   -0
37.63   -0
37.64   -0
37.65   -0
37.66   -0
37.67   -0
37.68   -0
37.69   -0
37.7   -0
37.71   -0
37.72   -0
37.73   -0
37.74   -0
37.75   -0
37.76   -0
37.77   -0
37.78   -0
37.79   -0
37.8   -0
37.81   -0
37.82   -0
37.83   -0
37.84   -0
37.85   -0
37.86   -0
37.87   -0
37.88   -0
37.89   -0
37.9   -0
37.91   -0
37.92   -0
37.93   -0
37.94   -0
37.95   -0
37.96   -0
37.97   -0
37.98   -0
37.99   -0
38   -0
38.01   -0
38.02   -0
38.03   -0
38.04   -0
38.05   -0
38.06   -0
38.07   -0
38.08   -0
38.09   -0
38.1   -0
38.11   -0
38.12   -0
38.13   -0
38.14   -0
38.15   -0
38.16   -0
38.17   -0
38.18   -0
38.19   -0
38.2   -0
38.21   -0
38.22   -0
38.23   -0
38.24   -0
38.25   -0
38.26   -0
38.27   -0
38.28   -0
38.29   -0
38.3   -0
38.31   -0
38.32   -0
38.33   -0
38.34   -0
38.35   -0
38.36   -0
38.37   -0
38.38   -0
38.39   -0
38.4   -0
38.41   -0
38.42   -0
38.43   -0
38.44   -0
38.45   -0
38.46   -0
38.47   -0
38.48   -0
38.49   -0
38.5   -0
38.51   -0
38.52   -0
38.53   -0
38.54   -0
38.55   -0
38.56   -0
38.57   -0
38.58   -0
38.59   -0
38.6   -0
38.61   -0
38.62   -0
38.63   -0
38.64   -0
38.65   -0
38.66   -0
38.67   -0
38.68   -0
38.69   -0
38.7   -0
38.71   -0
38.72   -0
38.73   -0
38.74   -0
38.75   -0
38.76   -0
38.77   -0
38.78   -0
38.79   -0
38.8   -0
38.81   -0
38.82   -0
38.83   -0
38.84   -0
38.85   -0
38.86   -0
38.87   -0
38.88   -0
38.89   -0
38.9   -0
38.91   -0
38.92   -0
38.93   -0
38.94   -0
38.95   -0
38.96   -0
38.97   -0
38.98   -0
38.99   -0
39   -0
39.01   -0
39.02   -0
39.03   -0
39.04   -0
39.05   -0
39.06   -0
39.07   -0
39.08   -0
39.09   -0
39.1   -0
39.11   -0
39.12   -0
39.13   -0
39.14   -0
39.15   -0
39.16   -0
39.17   -0
39.18   -0
39.19   -0
39.2   -0
39.21   -0
39.22   -0
39.23   -0
39.24   -0
39.25   -0
39.26   -0
39.27   -0
39.28   -0
39.29   -0
39.3   -0
39.31   -0
39.32   -0
39.33   -0
39.34   -0
39.35   -0
39.36   -0
39.37   -0
39.38   -0
39.39   -0
39.4   -0
39.41   -0
39.42   -0
39.43   -0
39.44   -0
39.45   -0
39.46   -0
39.47   -0
39.48   -0
39.49   -0
39.5   -0
39.51   -0
39.52   -0
39.53   -0
39.54   -0
39.55   -0
39.56   -0
39.57   -0
39.58   -0
39.59   -0
39.6   -0
39.61   -0
39.62   -0
39.63   -0
39.64   -0
39.65   -0
39.66   -0
39.67   -0
39.68   -0
39.69   -0
39.7   -0
39.71   -0
39.72   -0
39.73   -0
39.74   -0
39.75   -0
39.76   -0
39.77   -0
39.78   -0
39.79   -0
39.8   -0
39.81   -0
39.82   -0
39.83   -0
39.84   -0
39.85   -0
39.86   -0
39.87   -0
39.88   -0
39.89   -0
39.9   -0
39.91   -0
39.92   -0
39.93   -0
39.94   -0
39.95   -0
39.96   -0
39.97   -0
39.98   -0
39.99   -0
